ColumnaX,ColumnaZ,ColumnaY
2.002,30.864,1
2.004,30.933,2
2.005,30.953,3
2.011,31.137,4
2.012,31.170,5
2.009,31.080,6
1.995,30.640,7
2.006,30.990,8
2.011,31.149,9
2.011,31.129,10
2.009,31.067,11
2.001,30.827,12
1.993,30.575,13
2.009,31.088,14
2.018,31.358,15
2.009,31.072,16
2.005,30.969,17
2.013,31.190,18
2.009,31.088,19
2.014,31.231,20
2.007,31.031,21
2.024,31.543,22
2.015,31.264,23
2.017,31.321,24
2.014,31.231,25
2.016,31.301,26
2.015,31.260,27
2.019,31.391,28
2.012,31.178,29
2.021,31.461,30
2.015,31.264,31
2.023,31.519,32
2.006,30.982,33
2.014,31.231,34
2.022,31.477,35
2.020,31.408,36
2.012,31.174,37
2.018,31.346,38
2.014,31.223,39
2.011,31.137,40
2.008,31.047,41
2.024,31.539,42
2.015,31.264,43
2.017,31.334,44
2.019,31.387,45
2.017,31.325,46
2.015,31.272,47
2.020,31.432,48
2.023,31.523,49
2.023,31.502,50
2.020,31.416,51
2.017,31.325,52
2.019,31.383,53
2.016,31.309,54
1.998,30.741,55
1.989,30.462,56
1.988,30.441,57
1.989,30.466,58
1.998,30.725,59
1.986,30.377,60
1.992,30.559,61
1.984,30.324,62
1.996,30.668,63
1.996,30.664,64
1.996,30.680,65
1.997,30.713,66
1.988,30.425,67
1.989,30.462,68
1.997,30.713,69
2.003,30.888,70
2.006,30.986,71
1.996,30.676,72
2.000,30.811,73
2.000,30.802,74
2.002,30.851,75
2.004,30.921,76
1.998,30.741,77
1.995,30.660,78
2.004,30.912,79
1.998,30.729,80
1.992,30.559,81
1.991,30.522,82
1.995,30.636,83
1.995,30.652,84
1.988,30.417,85
1.999,30.778,86
1.994,30.616,87
2.001,30.831,88
2.006,30.974,89
1.998,30.737,90
1.995,30.652,91
1.999,30.766,92
1.996,30.685,93
1.994,30.616,94
1.999,30.774,95
1.999,30.762,96
2.005,30.961,97
2.010,31.104,98
2.005,30.965,99
2.008,31.047,100
2.006,30.982,101
2.003,30.888,102
2.002,30.868,103
2.009,31.076,104
2.004,30.916,105
2.006,30.986,106
2.010,31.100,107
2.008,31.047,108
2.010,31.112,109
2.003,30.880,110
2.011,31.137,111
2.000,30.802,112
2.014,31.227,113
2.007,31.031,114
2.001,30.839,115
1.998,30.746,116
2.006,30.994,117
1.993,30.583,118
2.010,31.112,119
1.999,30.778,120
1.986,30.381,121
1.981,30.231,122
1.980,30.183,123
1.991,30.518,124
1.990,30.490,125
1.986,30.369,126
1.979,30.155,127
1.986,30.369,128
1.989,30.454,129
1.987,30.393,130
1.989,30.462,131
1.992,30.551,132
1.996,30.681,133
1.990,30.490,134
1.995,30.644,135
1.995,30.640,136
1.985,30.340,137
1.978,30.131,138
1.989,30.462,139
1.992,30.563,140
1.977,30.111,141
1.987,30.413,142
1.986,30.377,143
1.987,30.393,144
1.990,30.494,145
1.992,30.563,146
1.989,30.474,147
2.000,30.811,148
1.992,30.551,149
1.994,30.607,150
1.990,30.494,151
2.001,30.827,152
1.995,30.632,153
2.008,31.035,154
1.998,30.725,155
2.006,30.974,156
2.006,30.990,157
2.005,30.969,158
2.008,31.051,159
2.008,31.039,160
2.004,30.908,161
1.996,30.689,162
2.006,30.974,163
2.009,31.076,164
2.002,30.859,165
2.000,30.811,166
2.008,31.055,167
2.004,30.933,168
2.001,30.819,169
2.010,31.100,170
2.013,31.194,171
2.007,31.027,172
2.001,30.823,173
2.005,30.945,174
2.006,30.982,175
2.006,30.974,176
2.009,31.072,177
2.009,31.063,178
1.999,30.758,179
2.004,30.908,180
2.002,30.876,181
1.995,30.660,182
1.998,30.745,183
1.992,30.555,184
2.001,30.827,185
2.006,30.986,186
1.991,30.514,187
1.994,30.616,188
1.995,30.648,189
1.995,30.640,190
1.995,30.632,191
1.995,30.644,192
1.993,30.587,193
1.995,30.652,194
1.996,30.676,195
1.993,30.591,196
1.988,30.429,197
1.989,30.466,198
1.997,30.713,199
2.001,30.843,200
1.998,30.754,201
2.001,30.827,202
1.997,30.713,203
2.003,30.904,204
1.991,30.530,205
1.994,30.607,206
1.995,30.652,207
1.998,30.745,208
2.002,30.868,209
1.995,30.656,210
1.990,30.478,211
1.995,30.652,212
1.996,30.668,213
1.993,30.571,214
1.996,30.668,215
1.999,30.778,216
1.992,30.543,217
1.991,30.530,218
1.989,30.449,219
1.993,30.583,220
1.989,30.458,221
1.993,30.579,222
1.987,30.409,223
1.982,30.239,224
1.982,30.239,225
1.980,30.191,226
1.982,30.252,227
1.975,30.026,228
1.982,30.260,229
1.979,30.167,230
1.983,30.284,231
1.979,30.147,232
1.995,30.660,233
1.986,30.356,234
1.981,30.215,235
1.985,30.340,236
1.992,30.543,237
1.980,30.179,238
1.982,30.252,239
1.979,30.167,240
1.977,30.107,241
1.990,30.478,242
1.987,30.409,243
1.986,30.365,244
1.986,30.385,245
1.990,30.482,246
1.995,30.632,247
1.985,30.348,248
1.987,30.393,249
1.993,30.571,250
1.992,30.543,251
1.993,30.599,252
1.993,30.575,253
1.988,30.445,254
1.990,30.482,255
2.002,30.876,256
1.998,30.745,257
1.989,30.462,258
1.999,30.778,259
2.005,30.961,260
1.997,30.717,261
1.992,30.567,262
2.000,30.794,263
1.994,30.603,264
1.999,30.774,265
1.993,30.595,266
1.995,30.656,267
2.007,31.018,268
2.003,30.888,269
2.001,30.831,270
2.000,30.786,271
2.010,31.096,272
2.000,30.790,273
2.005,30.945,274
1.994,30.612,275
1.996,30.668,276
1.989,30.458,277
1.994,30.620,278
2.005,30.945,279
2.007,31.027,280
1.997,30.717,281
1.997,30.701,282
2.004,30.925,283
2.005,30.957,284
1.997,30.693,285
2.003,30.904,286
2.002,30.876,287
1.998,30.725,288
2.001,30.819,289
2.002,30.859,290
1.998,30.754,291
1.998,30.725,292
1.998,30.725,293
1.996,30.668,294
1.994,30.628,295
1.998,30.746,296
2.003,30.884,297
1.990,30.498,298
1.997,30.709,299
1.993,30.571,300
1.987,30.401,301
1.998,30.750,302
1.995,30.632,303
1.997,30.701,304
1.998,30.729,305
1.999,30.774,306
1.991,30.510,307
2.002,30.868,308
2.008,31.047,309
1.992,30.543,310
1.997,30.697,311
2.006,30.998,312
2.004,30.933,313
1.997,30.721,314
2.003,30.884,315
1.999,30.782,316
2.007,31.031,317
2.002,30.851,318
1.999,30.782,319
1.998,30.737,320
2.005,30.957,321
2.002,30.851,322
2.004,30.912,323
2.000,30.790,324
1.993,30.595,325
2.012,31.182,326
2.001,30.819,327
1.999,30.758,328
2.010,31.096,329
2.003,30.896,330
2.006,30.998,331
2.001,30.827,332
2.016,31.289,333
2.014,31.235,334
2.008,31.047,335
2.009,31.084,336
2.006,30.974,337
2.006,30.978,338
2.010,31.112,339
2.014,31.223,340
2.015,31.264,341
2.006,30.998,342
2.011,31.137,343
2.005,30.949,344
2.009,31.072,345
2.006,30.998,346
2.008,31.055,347
2.000,30.798,348
2.004,30.916,349
2.005,30.945,350
2.006,30.986,351
2.000,30.807,352
2.004,30.925,353
2.004,30.908,354
2.003,30.884,355
2.003,30.888,356
1.995,30.632,357
2.003,30.900,358
2.009,31.080,359
2.012,31.166,360
2.017,31.321,361
2.016,31.280,362
2.008,31.047,363
2.016,31.284,364
2.018,31.362,365
2.023,31.519,366
2.020,31.412,367
2.009,31.076,368
2.014,31.235,369
2.014,31.219,370
2.007,31.006,371
2.018,31.350,372
2.010,31.096,373
2.009,31.092,374
2.004,30.937,375
2.004,30.933,376
2.004,30.937,377
2.013,31.198,378
2.006,30.978,379
2.012,31.174,380
2.007,31.018,381
2.004,30.921,382
2.003,30.888,383
2.017,31.334,384
2.014,31.243,385
2.006,30.978,386
2.002,30.876,387
2.011,31.145,388
2.012,31.162,389
2.004,30.937,390
2.014,31.235,391
2.014,31.227,392
2.007,31.002,393
2.014,31.235,394
2.010,31.096,395
2.010,31.104,396
2.009,31.072,397
2.011,31.153,398
2.014,31.227,399
2.008,31.043,400
2.013,31.215,401
2.011,31.149,402
2.004,30.929,403
2.011,31.145,404
2.007,31.023,405
1.999,30.774,406
2.003,30.896,407
2.007,31.002,408
2.007,31.027,409
2.003,30.896,410
2.006,30.974,411
2.007,31.031,412
2.013,31.194,413
2.010,31.108,414
2.007,31.006,415
2.012,31.170,416
2.015,31.272,417
2.011,31.129,418
2.007,31.002,419
2.011,31.153,420
2.008,31.051,421
2.006,30.974,422
2.008,31.059,423
2.005,30.949,424
2.003,30.904,425
2.010,31.121,426
1.998,30.746,427
2.008,31.039,428
1.999,30.782,429
2.007,31.006,430
2.005,30.961,431
2.006,30.982,432
2.013,31.198,433
2.007,31.006,434
2.015,31.268,435
2.007,31.010,436
2.005,30.961,437
2.011,31.153,438
2.013,31.215,439
2.021,31.449,440
2.016,31.305,441
2.010,31.104,442
2.023,31.523,443
2.014,31.223,444
2.015,31.268,445
2.012,31.182,446
2.008,31.059,447
2.014,31.231,448
2.016,31.309,449
2.008,31.039,450
2.018,31.362,451
2.017,31.334,452
2.021,31.457,453
2.019,31.383,454
2.019,31.387,455
2.012,31.182,456
2.021,31.445,457
2.014,31.227,458
2.017,31.313,459
2.019,31.399,460
2.018,31.362,461
2.013,31.207,462
2.012,31.157,463
2.009,31.072,464
2.011,31.129,465
2.011,31.137,466
2.003,30.880,467
2.007,31.002,468
2.005,30.953,469
2.012,31.178,470
2.004,30.929,471
2.004,30.912,472
2.011,31.137,473
2.002,30.851,474
1.998,30.750,475
2.000,30.807,476
1.999,30.770,477
2.010,31.117,478
2.005,30.953,479
2.006,30.986,480
2.005,30.965,481
2.004,30.933,482
2.000,30.811,483
2.009,31.072,484
2.001,30.835,485
2.008,31.059,486
2.011,31.125,487
2.014,31.235,488
2.006,30.974,489
2.015,31.276,490
2.017,31.321,491
2.010,31.117,492
2.015,31.264,493
2.014,31.219,494
2.020,31.416,495
2.021,31.436,496
2.023,31.519,497
2.017,31.338,498
2.015,31.252,499
2.016,31.284,500
2.019,31.383,501
2.017,31.313,502
2.011,31.153,503
2.012,31.166,504
2.004,30.916,505
2.007,31.031,506
2.010,31.117,507
2.013,31.211,508
2.014,31.248,509
2.015,31.264,510
2.014,31.227,511
2.011,31.141,512
2.004,30.916,513
2.011,31.153,514
2.007,31.031,515
2.012,31.162,516
2.011,31.133,517
2.007,31.018,518
2.011,31.125,519
2.006,30.990,520
2.002,30.859,521
2.000,30.794,522
2.002,30.864,523
2.002,30.855,524
1.993,30.591,525
1.984,30.308,526
1.997,30.709,527
2.001,30.831,528
1.988,30.421,529
1.994,30.603,530
1.996,30.664,531
2.006,30.986,532
1.987,30.409,533
1.994,30.624,534
1.992,30.559,535
1.998,30.725,536
2.000,30.802,537
2.008,31.043,538
2.004,30.921,539
2.000,30.802,540
2.009,31.080,541
2.002,30.872,542
2.012,31.170,543
2.009,31.072,544
2.012,31.174,545
2.010,31.121,546
2.008,31.059,547
2.011,31.153,548
2.013,31.194,549
2.009,31.080,550
2.010,31.112,551
2.015,31.272,552
2.005,30.949,553
2.014,31.219,554
2.007,31.027,555
2.003,30.900,556
2.008,31.059,557
2.002,30.872,558
2.004,30.921,559
2.001,30.819,560
2.005,30.953,561
1.992,30.547,562
2.009,31.084,563
1.999,30.782,564
2.002,30.868,565
2.005,30.941,566
2.008,31.051,567
2.010,31.112,568
2.012,31.186,569
2.006,30.974,570
2.008,31.039,571
2.010,31.112,572
1.995,30.648,573
2.002,30.851,574
1.989,30.466,575
1.998,30.729,576
1.996,30.664,577
2.005,30.945,578
1.998,30.733,579
1.995,30.644,580
1.994,30.607,581
1.990,30.494,582
1.993,30.575,583
1.986,30.377,584
1.986,30.357,585
1.986,30.373,586
1.982,30.243,587
1.987,30.413,588
1.986,30.381,589
1.981,30.219,590
1.979,30.171,591
1.986,30.369,592
1.981,30.219,593
1.981,30.215,594
1.987,30.389,595
1.983,30.292,596
1.987,30.389,597
1.990,30.478,598
1.996,30.680,599
1.995,30.636,600
1.994,30.628,601
2.000,30.794,602
1.994,30.607,603
1.993,30.587,604
1.994,30.611,605
1.991,30.530,606
2.005,30.941,607
2.001,30.843,608
1.995,30.652,609
2.007,31.014,610
2.000,30.811,611
2.001,30.819,612
2.001,30.831,613
2.005,30.965,614
1.997,30.709,615
1.997,30.721,616
1.998,30.733,617
1.994,30.616,618
1.990,30.498,619
1.997,30.717,620
1.995,30.636,621
1.996,30.685,622
1.985,30.336,623
1.984,30.324,624
1.989,30.474,625
1.979,30.159,626
1.977,30.091,627
1.988,30.421,628
1.977,30.099,629
1.983,30.284,630
1.975,30.038,631
1.977,30.082,632
1.983,30.272,633
1.984,30.296,634
1.976,30.070,635
1.979,30.171,636
1.985,30.344,637
1.982,30.248,638
1.984,30.308,639
1.982,30.260,640
1.975,30.046,641
1.980,30.195,642
1.974,30.002,643
1.980,30.183,644
1.979,30.147,645
1.969,29.858,646
1.973,29.982,647
1.976,30.058,648
1.979,30.167,649
1.978,30.139,650
1.969,29.842,651
1.975,30.038,652
1.980,30.191,653
1.967,29.802,654
1.970,29.886,655
1.971,29.914,656
1.984,30.296,657
1.975,30.042,658
1.971,29.926,659
1.963,29.682,660
1.973,29.986,661
1.980,30.187,662
1.969,29.866,663
1.963,29.662,664
1.970,29.878,665
1.970,29.890,666
1.969,29.858,667
1.972,29.930,668
1.971,29.902,669
1.966,29.774,670
1.966,29.762,671
1.976,30.050,672
1.970,29.898,673
1.967,29.778,674
1.968,29.814,675
1.970,29.890,676
1.965,29.726,677
1.964,29.698,678
1.959,29.562,679
1.969,29.850,680
1.962,29.654,681
1.963,29.682,682
1.968,29.810,683
1.967,29.806,684
1.974,30.018,685
1.968,29.818,686
1.965,29.730,687
1.976,30.054,688
1.972,29.958,689
1.981,30.223,690
1.983,30.272,691
1.972,29.930,692
1.981,30.203,693
1.981,30.211,694
1.971,29.926,695
1.980,30.195,696
1.978,30.131,697
1.985,30.336,698
1.986,30.361,699
1.976,30.070,700
1.972,29.954,701
1.988,30.445,702
1.983,30.272,703
1.989,30.462,704
1.984,30.324,705
1.984,30.308,706
1.977,30.103,707
1.987,30.397,708
1.980,30.195,709
1.983,30.268,710
1.981,30.207,711
1.979,30.159,712
1.981,30.231,713
1.979,30.155,714
1.980,30.199,715
1.973,29.982,716
1.967,29.790,717
1.982,30.235,718
1.977,30.086,719
1.977,30.095,720
1.974,30.010,721
1.970,29.886,722
1.972,29.954,723
1.974,29.990,724
1.974,30.006,725
1.967,29.790,726
1.970,29.878,727
1.969,29.862,728
1.969,29.850,729
1.974,29.990,730
1.978,30.139,731
1.971,29.902,732
1.956,29.462,733
1.972,29.958,734
1.963,29.662,735
1.970,29.898,736
1.969,29.866,737
1.962,29.630,738
1.970,29.878,739
1.967,29.782,740
1.976,30.058,741
1.971,29.926,742
1.972,29.930,743
1.974,30.010,744
1.967,29.790,745
1.975,30.022,746
1.969,29.866,747
1.966,29.762,748
1.969,29.846,749
1.967,29.778,750
1.966,29.758,751
1.969,29.846,752
1.970,29.882,753
1.968,29.818,754
1.971,29.902,755
1.972,29.942,756
1.974,30.006,757
1.976,30.066,758
1.979,30.159,759
1.978,30.139,760
1.975,30.046,761
1.980,30.179,762
1.983,30.268,763
1.978,30.139,764
1.978,30.139,765
1.985,30.332,766
1.979,30.155,767
1.987,30.405,768
1.981,30.207,769
1.990,30.506,770
1.977,30.107,771
1.986,30.369,772
1.989,30.462,773
1.980,30.195,774
1.988,30.445,775
1.985,30.332,776
1.975,30.034,777
1.986,30.361,778
1.975,30.034,779
1.981,30.231,780
1.987,30.409,781
1.983,30.288,782
1.989,30.458,783
1.986,30.361,784
1.981,30.227,785
1.982,30.260,786
1.981,30.227,787
1.975,30.042,788
1.978,30.115,789
1.977,30.082,790
1.978,30.123,791
1.983,30.276,792
1.983,30.272,793
1.988,30.417,794
1.987,30.413,795
1.986,30.385,796
1.985,30.348,797
1.979,30.159,798
1.984,30.324,799
1.981,30.215,800
1.982,30.256,801
1.990,30.486,802
1.985,30.328,803
1.981,30.231,804
1.975,30.038,805
1.997,30.721,806
1.985,30.348,807
1.981,30.211,808
1.992,30.543,809
1.978,30.135,810
1.991,30.510,811
1.979,30.143,812
1.982,30.256,813
1.984,30.312,814
1.984,30.304,815
1.990,30.502,816
1.996,30.676,817
1.996,30.676,818
1.994,30.603,819
1.980,30.183,820
1.986,30.357,821
1.983,30.280,822
1.995,30.632,823
1.991,30.510,824
1.996,30.668,825
1.992,30.551,826
1.992,30.543,827
1.991,30.518,828
1.985,30.352,829
1.995,30.656,830
1.996,30.681,831
1.992,30.543,832
1.984,30.320,833
1.989,30.449,834
1.989,30.474,835
1.983,30.276,836
1.985,30.340,837
1.995,30.640,838
1.990,30.506,839
1.987,30.413,840
1.986,30.357,841
1.987,30.397,842
1.982,30.239,843
1.986,30.373,844
1.988,30.425,845
1.992,30.567,846
1.990,30.486,847
1.993,30.575,848
1.990,30.494,849
1.989,30.466,850
1.985,30.352,851
1.994,30.611,852
1.995,30.644,853
1.994,30.611,854
1.991,30.534,855
1.987,30.405,856
1.989,30.470,857
1.993,30.583,858
1.995,30.636,859
1.995,30.652,860
1.991,30.522,861
1.990,30.502,862
1.992,30.551,863
1.996,30.681,864
1.982,30.239,865
1.985,30.352,866
1.990,30.490,867
1.996,30.681,868
1.988,30.441,869
1.986,30.357,870
1.986,30.369,871
1.981,30.207,872
1.982,30.256,873
1.974,29.998,874
1.985,30.344,875
1.986,30.365,876
1.986,30.365,877
1.989,30.466,878
1.987,30.409,879
1.982,30.239,880
1.989,30.449,881
1.981,30.219,882
1.978,30.135,883
1.984,30.324,884
1.981,30.231,885
1.981,30.207,886
1.985,30.344,887
1.979,30.171,888
1.975,30.046,889
1.987,30.413,890
1.984,30.312,891
1.979,30.171,892
1.980,30.183,893
1.984,30.296,894
1.983,30.272,895
1.983,30.272,896
1.980,30.175,897
1.993,30.575,898
1.991,30.539,899
1.990,30.498,900
1.994,30.620,901
1.989,30.470,902
1.988,30.421,903
1.990,30.502,904
1.983,30.276,905
1.986,30.369,906
1.980,30.195,907
1.981,30.219,908
1.979,30.171,909
1.977,30.095,910
1.979,30.171,911
1.972,29.958,912
1.981,30.219,913
1.988,30.437,914
1.990,30.494,915
1.979,30.147,916
1.987,30.393,917
1.973,29.982,918
1.986,30.377,919
1.988,30.417,920
1.989,30.470,921
1.985,30.352,922
1.989,30.458,923
1.984,30.324,924
1.984,30.296,925
1.984,30.320,926
1.983,30.288,927
1.981,30.227,928
1.988,30.433,929
1.987,30.409,930
1.983,30.268,931
1.983,30.272,932
1.985,30.340,933
1.991,30.539,934
1.985,30.344,935
1.991,30.530,936
1.996,30.689,937
1.992,30.551,938
1.987,30.413,939
1.991,30.534,940
1.988,30.445,941
1.982,30.260,942
1.993,30.575,943
1.983,30.284,944
1.984,30.320,945
1.977,30.103,946
1.985,30.352,947
1.974,29.990,948
1.975,30.022,949
1.976,30.058,950
1.969,29.850,951
1.958,29.514,952
1.988,30.425,953
1.974,30.018,954
1.977,30.111,955
1.978,30.131,956
1.966,29.766,957
1.979,30.147,958
1.984,30.300,959
1.982,30.256,960
1.984,30.312,961
1.984,30.300,962
1.979,30.159,963
1.991,30.510,964
1.987,30.397,965
1.987,30.405,966
1.990,30.498,967
1.986,30.377,968
1.988,30.425,969
1.985,30.332,970
1.987,30.413,971
1.984,30.324,972
1.989,30.466,973
1.988,30.441,974
1.982,30.235,975
1.982,30.252,976
1.989,30.449,977
1.989,30.458,978
1.987,30.389,979
1.989,30.462,980
1.978,30.127,981
1.986,30.373,982
1.982,30.248,983
1.987,30.393,984
1.984,30.312,985
1.982,30.260,986
1.983,30.280,987
1.977,30.107,988
1.985,30.340,989
1.978,30.135,990
1.975,30.034,991
1.973,29.978,992
1.975,30.042,993
1.984,30.320,994
1.983,30.264,995
1.982,30.256,996
1.972,29.934,997
1.968,29.830,998
1.975,30.022,999
1.969,29.866,1000
1.969,29.842,1001
1.972,29.946,1002
1.969,29.842,1003
1.966,29.774,1004
1.961,29.622,1005
1.967,29.794,1006
1.969,29.858,1007
1.970,29.882,1008
1.965,29.726,1009
1.968,29.834,1010
1.955,29.419,1011
1.973,29.986,1012
1.967,29.786,1013
1.973,29.982,1014
1.969,29.854,1015
1.977,30.107,1016
1.973,29.978,1017
1.972,29.954,1018
1.971,29.918,1019
1.970,29.886,1020
1.969,29.858,1021
1.966,29.758,1022
1.965,29.730,1023
1.969,29.858,1024
1.962,29.642,1025
1.971,29.926,1026
1.976,30.058,1027
1.963,29.674,1028
1.969,29.866,1029
1.969,29.854,1030
1.971,29.910,1031
1.977,30.111,1032
1.976,30.078,1033
1.984,30.324,1034
1.968,29.834,1035
1.969,29.854,1036
1.969,29.838,1037
1.978,30.139,1038
1.976,30.050,1039
1.973,29.978,1040
1.979,30.159,1041
1.974,29.990,1042
1.973,29.962,1043
1.974,30.018,1044
1.971,29.906,1045
1.972,29.930,1046
1.978,30.135,1047
1.981,30.203,1048
1.974,29.998,1049
1.983,30.264,1050
1.984,30.300,1051
1.992,30.567,1052
1.977,30.091,1053
1.987,30.393,1054
1.992,30.547,1055
1.979,30.151,1056
1.982,30.260,1057
1.980,30.195,1058
1.989,30.454,1059
1.977,30.111,1060
1.987,30.413,1061
2.002,30.859,1062
2.003,30.888,1063
2.001,30.831,1064
1.997,30.705,1065
1.988,30.445,1066
1.987,30.401,1067
1.991,30.530,1068
1.987,30.409,1069
1.988,30.441,1070
1.987,30.397,1071
1.987,30.409,1072
1.991,30.522,1073
1.995,30.644,1074
2.001,30.827,1075
1.992,30.555,1076
1.992,30.547,1077
1.977,30.107,1078
1.987,30.389,1079
1.986,30.361,1080
1.994,30.628,1081
1.990,30.498,1082
1.989,30.454,1083
1.986,30.381,1084
2.002,30.851,1085
1.994,30.612,1086
1.998,30.737,1087
1.998,30.729,1088
2.006,30.998,1089
2.001,30.835,1090
1.990,30.494,1091
1.989,30.466,1092
2.000,30.786,1093
1.996,30.676,1094
1.998,30.733,1095
1.994,30.603,1096
1.996,30.672,1097
1.994,30.607,1098
1.976,30.078,1099
1.984,30.316,1100
2.004,30.933,1101
1.996,30.680,1102
2.000,30.815,1103
2.009,31.067,1104
2.000,30.790,1105
1.992,30.551,1106
1.994,30.607,1107
1.988,30.441,1108
2.000,30.815,1109
1.994,30.616,1110
1.994,30.620,1111
1.997,30.713,1112
1.997,30.713,1113
2.000,30.811,1114
2.005,30.949,1115
1.994,30.616,1116
1.995,30.640,1117
1.996,30.676,1118
1.996,30.676,1119
1.987,30.401,1120
1.985,30.344,1121
1.979,30.171,1122
1.995,30.644,1123
1.979,30.171,1124
1.973,29.978,1125
1.989,30.466,1126
1.982,30.239,1127
1.979,30.147,1128
1.990,30.482,1129
1.984,30.320,1130
1.987,30.397,1131
1.990,30.490,1132
1.990,30.502,1133
1.988,30.429,1134
1.985,30.348,1135
1.984,30.300,1136
1.981,30.211,1137
1.989,30.458,1138
1.992,30.567,1139
1.992,30.547,1140
1.988,30.425,1141
1.986,30.377,1142
1.992,30.543,1143
1.990,30.494,1144
1.988,30.417,1145
1.994,30.628,1146
2.001,30.823,1147
1.993,30.595,1148
1.987,30.389,1149
1.994,30.620,1150
1.998,30.737,1151
1.996,30.685,1152
1.998,30.733,1153
1.988,30.441,1154
1.997,30.713,1155
1.995,30.636,1156
2.004,30.933,1157
1.994,30.628,1158
1.996,30.685,1159
1.997,30.717,1160
1.995,30.632,1161
1.992,30.543,1162
1.990,30.498,1163
1.998,30.737,1164
1.999,30.778,1165
1.982,30.252,1166
1.993,30.599,1167
1.991,30.518,1168
1.989,30.474,1169
1.990,30.482,1170
1.987,30.409,1171
1.984,30.312,1172
1.986,30.373,1173
1.993,30.571,1174
1.985,30.352,1175
1.988,30.425,1176
1.976,30.062,1177
1.979,30.163,1178
1.988,30.441,1179
1.980,30.191,1180
1.991,30.510,1181
1.983,30.288,1182
1.984,30.300,1183
1.981,30.219,1184
1.993,30.599,1185
1.978,30.119,1186
1.988,30.417,1187
1.995,30.636,1188
1.991,30.526,1189
1.997,30.717,1190
1.989,30.474,1191
1.985,30.344,1192
1.989,30.470,1193
1.994,30.612,1194
1.979,30.143,1195
1.988,30.441,1196
1.980,30.179,1197
1.992,30.551,1198
1.976,30.074,1199
1.980,30.179,1200
1.979,30.171,1201
1.992,30.547,1202
1.985,30.336,1203
1.993,30.587,1204
1.989,30.466,1205
1.989,30.474,1206
1.980,30.179,1207
1.982,30.235,1208
1.983,30.264,1209
1.988,30.441,1210
1.980,30.199,1211
1.984,30.300,1212
2.000,30.811,1213
1.987,30.405,1214
1.990,30.498,1215
1.988,30.441,1216
1.985,30.352,1217
1.983,30.292,1218
1.987,30.401,1219
1.990,30.478,1220
1.989,30.449,1221
1.982,30.248,1222
1.984,30.320,1223
1.993,30.579,1224
1.982,30.244,1225
1.979,30.151,1226
1.978,30.127,1227
1.974,30.018,1228
1.977,30.091,1229
1.976,30.050,1230
1.982,30.260,1231
1.984,30.300,1232
1.982,30.239,1233
1.977,30.107,1234
1.973,29.962,1235
1.980,30.187,1236
1.986,30.385,1237
1.982,30.244,1238
1.975,30.022,1239
1.992,30.543,1240
1.985,30.340,1241
1.970,29.886,1242
1.981,30.219,1243
1.972,29.946,1244
1.974,30.010,1245
1.980,30.195,1246
1.977,30.099,1247
1.983,30.272,1248
1.990,30.490,1249
1.981,30.231,1250
1.981,30.211,1251
1.986,30.377,1252
1.979,30.163,1253
1.983,30.264,1254
1.974,29.994,1255
1.978,30.119,1256
1.980,30.183,1257
1.978,30.131,1258
1.982,30.235,1259
1.973,29.962,1260
1.985,30.332,1261
1.975,30.046,1262
1.972,29.946,1263
1.974,30.010,1264
1.982,30.252,1265
1.973,29.978,1266
1.976,30.066,1267
1.972,29.954,1268
1.970,29.898,1269
1.972,29.942,1270
1.976,30.058,1271
1.981,30.211,1272
1.976,30.050,1273
1.970,29.878,1274
1.977,30.107,1275
1.976,30.050,1276
1.988,30.417,1277
1.981,30.203,1278
1.981,30.223,1279
1.984,30.300,1280
1.978,30.135,1281
1.985,30.328,1282
1.977,30.107,1283
1.986,30.369,1284
1.990,30.482,1285
1.988,30.421,1286
1.974,30.014,1287
1.985,30.352,1288
1.977,30.095,1289
1.964,29.702,1290
1.963,29.658,1291
1.965,29.722,1292
1.960,29.570,1293
1.987,30.405,1294
1.978,30.131,1295
1.968,29.822,1296
1.979,30.143,1297
1.993,30.575,1298
1.991,30.526,1299
1.983,30.272,1300
1.994,30.624,1301
1.993,30.591,1302
1.986,30.361,1303
1.991,30.539,1304
1.985,30.340,1305
1.981,30.231,1306
1.985,30.332,1307
1.985,30.348,1308
1.970,29.874,1309
1.966,29.758,1310
1.980,30.179,1311
1.981,30.231,1312
1.986,30.377,1313
1.978,30.119,1314
1.976,30.054,1315
1.982,30.235,1316
1.980,30.195,1317
1.984,30.316,1318
1.987,30.401,1319
1.979,30.167,1320
1.982,30.248,1321
1.980,30.179,1322
1.979,30.151,1323
1.970,29.890,1324
1.973,29.982,1325
1.985,30.340,1326
1.968,29.834,1327
1.974,30.018,1328
1.975,30.046,1329
1.966,29.762,1330
1.969,29.842,1331
1.969,29.838,1332
1.970,29.870,1333
1.967,29.790,1334
1.968,29.814,1335
1.968,29.814,1336
1.960,29.594,1337
1.962,29.646,1338
1.960,29.586,1339
1.951,29.315,1340
1.960,29.578,1341
1.971,29.906,1342
1.965,29.718,1343
1.973,29.962,1344
1.978,30.131,1345
1.972,29.942,1346
1.966,29.770,1347
1.968,29.830,1348
1.967,29.790,1349
1.960,29.582,1350
1.966,29.758,1351
1.962,29.634,1352
1.959,29.542,1353
1.962,29.626,1354
1.971,29.902,1355
1.967,29.786,1356
1.960,29.566,1357
1.959,29.538,1358
1.952,29.339,1359
1.942,29.046,1360
1.958,29.510,1361
1.960,29.594,1362
1.956,29.474,1363
1.957,29.478,1364
1.956,29.470,1365
1.952,29.335,1366
1.951,29.323,1367
1.955,29.435,1368
1.953,29.375,1369
1.956,29.470,1370
1.950,29.280,1371
1.958,29.514,1372
1.955,29.431,1373
1.956,29.470,1374
1.962,29.646,1375
1.962,29.634,1376
1.953,29.367,1377
1.962,29.642,1378
1.957,29.494,1379
1.956,29.462,1380
1.955,29.431,1381
1.954,29.395,1382
1.959,29.538,1383
1.960,29.594,1384
1.956,29.451,1385
1.958,29.518,1386
1.962,29.642,1387
1.945,29.117,1388
1.960,29.570,1389
1.949,29.240,1390
1.937,28.896,1391
1.939,28.951,1392
1.943,29.078,1393
1.947,29.192,1394
1.939,28.963,1395
1.944,29.090,1396
1.944,29.109,1397
1.951,29.307,1398
1.944,29.086,1399
1.944,29.094,1400
1.948,29.208,1401
1.943,29.074,1402
1.956,29.447,1403
1.951,29.307,1404
1.954,29.399,1405
1.953,29.363,1406
1.950,29.268,1407
1.950,29.272,1408
1.934,28.802,1409
1.941,29.007,1410
1.932,28.731,1411
1.963,29.670,1412
1.953,29.383,1413
1.942,29.054,1414
1.956,29.470,1415
1.948,29.228,1416
1.945,29.117,1417
1.946,29.169,1418
1.950,29.284,1419
1.949,29.240,1420
1.948,29.228,1421
1.946,29.145,1422
1.946,29.153,1423
1.944,29.113,1424
1.946,29.165,1425
1.946,29.173,1426
1.953,29.363,1427
1.929,28.664,1428
1.918,28.324,1429
1.935,28.837,1430
1.943,29.066,1431
1.941,29.007,1432
1.948,29.224,1433
1.951,29.315,1434
1.949,29.244,1435
1.941,29.018,1436
1.951,29.300,1437
1.950,29.268,1438
1.950,29.272,1439
1.953,29.355,1440
1.967,29.786,1441
1.957,29.498,1442
1.957,29.482,1443
1.959,29.546,1444
1.958,29.506,1445
1.963,29.666,1446
1.952,29.347,1447
1.955,29.427,1448
1.954,29.399,1449
1.957,29.502,1450
1.962,29.646,1451
1.963,29.662,1452
1.964,29.714,1453
1.962,29.642,1454
1.954,29.403,1455
1.965,29.734,1456
1.962,29.634,1457
1.961,29.598,1458
1.964,29.706,1459
1.968,29.818,1460
1.962,29.650,1461
1.963,29.678,1462
1.967,29.782,1463
1.968,29.810,1464
1.964,29.694,1465
1.956,29.455,1466
1.958,29.534,1467
1.966,29.774,1468
1.957,29.482,1469
1.957,29.490,1470
1.953,29.371,1471
1.956,29.466,1472
1.955,29.423,1473
1.955,29.415,1474
1.955,29.431,1475
1.960,29.586,1476
1.948,29.232,1477
1.953,29.379,1478
1.959,29.546,1479
1.946,29.157,1480
1.955,29.435,1481
1.948,29.208,1482
1.949,29.244,1483
1.957,29.498,1484
1.949,29.260,1485
1.946,29.153,1486
1.957,29.490,1487
1.954,29.399,1488
1.948,29.208,1489
1.957,29.482,1490
1.961,29.606,1491
1.955,29.443,1492
1.959,29.554,1493
1.967,29.806,1494
1.955,29.443,1495
1.969,29.850,1496
1.965,29.718,1497
1.960,29.590,1498
1.960,29.570,1499
1.977,30.082,1500
1.962,29.634,1501
1.962,29.638,1502
1.966,29.774,1503
1.976,30.058,1504
1.965,29.730,1505
1.961,29.622,1506
1.964,29.710,1507
1.953,29.359,1508
1.965,29.722,1509
1.962,29.654,1510
1.957,29.502,1511
1.970,29.870,1512
1.957,29.482,1513
1.968,29.834,1514
1.961,29.610,1515
1.955,29.435,1516
1.964,29.690,1517
1.969,29.854,1518
1.953,29.383,1519
1.958,29.530,1520
1.963,29.670,1521
1.971,29.926,1522
1.970,29.886,1523
1.954,29.399,1524
1.965,29.734,1525
1.964,29.710,1526
1.954,29.395,1527
1.959,29.538,1528
1.958,29.506,1529
1.957,29.482,1530
1.966,29.754,1531
1.967,29.802,1532
1.966,29.766,1533
1.966,29.766,1534
1.965,29.726,1535
1.958,29.526,1536
1.960,29.574,1537
1.963,29.670,1538
1.962,29.634,1539
1.962,29.626,1540
1.970,29.890,1541
1.977,30.082,1542
1.972,29.958,1543
1.965,29.722,1544
1.963,29.682,1545
1.968,29.834,1546
1.969,29.842,1547
1.974,30.006,1548
1.970,29.874,1549
1.977,30.107,1550
1.968,29.818,1551
1.968,29.834,1552
1.967,29.794,1553
1.967,29.790,1554
1.966,29.766,1555
1.958,29.522,1556
1.966,29.758,1557
1.967,29.798,1558
1.957,29.498,1559
1.963,29.658,1560
1.957,29.482,1561
1.960,29.586,1562
1.963,29.658,1563
1.962,29.642,1564
1.957,29.498,1565
1.963,29.678,1566
1.966,29.758,1567
1.964,29.694,1568
1.973,29.962,1569
1.969,29.838,1570
1.973,29.966,1571
1.967,29.790,1572
1.959,29.562,1573
1.968,29.814,1574
1.973,29.970,1575
1.975,30.046,1576
1.973,29.978,1577
1.970,29.874,1578
1.967,29.794,1579
1.963,29.674,1580
1.961,29.598,1581
1.967,29.798,1582
1.957,29.498,1583
1.961,29.614,1584
1.962,29.646,1585
1.968,29.822,1586
1.960,29.590,1587
1.957,29.482,1588
1.954,29.395,1589
1.959,29.554,1590
1.953,29.367,1591
1.950,29.276,1592
1.956,29.458,1593
1.961,29.598,1594
1.964,29.694,1595
1.950,29.272,1596
1.962,29.646,1597
1.966,29.754,1598
1.974,29.994,1599
1.971,29.910,1600
1.967,29.802,1601
1.956,29.454,1602
1.960,29.582,1603
1.964,29.694,1604
1.967,29.778,1605
1.976,30.058,1606
1.969,29.850,1607
1.974,29.998,1608
1.969,29.846,1609
1.965,29.722,1610
1.969,29.854,1611
1.973,29.966,1612
1.968,29.826,1613
1.970,29.878,1614
1.970,29.898,1615
1.965,29.730,1616
1.971,29.902,1617
1.959,29.538,1618
1.953,29.375,1619
1.966,29.774,1620
1.962,29.634,1621
1.962,29.626,1622
1.965,29.734,1623
1.968,29.818,1624
1.973,29.962,1625
1.967,29.806,1626
1.961,29.606,1627
1.952,29.335,1628
1.961,29.618,1629
1.953,29.379,1630
1.957,29.486,1631
1.954,29.403,1632
1.953,29.355,1633
1.954,29.403,1634
1.950,29.288,1635
1.951,29.311,1636
1.957,29.498,1637
1.952,29.331,1638
1.944,29.090,1639
1.947,29.192,1640
1.965,29.718,1641
1.938,28.912,1642
1.942,29.054,1643
1.946,29.149,1644
1.944,29.086,1645
1.943,29.062,1646
1.950,29.280,1647
1.951,29.307,1648
1.948,29.208,1649
1.937,28.884,1650
1.941,29.011,1651
1.947,29.192,1652
1.954,29.391,1653
1.949,29.240,1654
1.955,29.427,1655
1.935,28.837,1656
1.942,29.026,1657
1.953,29.383,1658
1.950,29.276,1659
1.941,29.003,1660
1.946,29.157,1661
1.935,28.845,1662
1.938,28.912,1663
1.934,28.806,1664
1.940,28.987,1665
1.937,28.900,1666
1.940,28.967,1667
1.942,29.054,1668
1.935,28.833,1669
1.934,28.794,1670
1.943,29.066,1671
1.952,29.347,1672
1.944,29.090,1673
1.944,29.113,1674
1.949,29.256,1675
1.943,29.062,1676
1.957,29.482,1677
1.955,29.431,1678
1.957,29.490,1679
1.945,29.129,1680
1.959,29.554,1681
1.952,29.331,1682
1.953,29.355,1683
1.946,29.169,1684
1.937,28.904,1685
1.949,29.264,1686
1.953,29.367,1687
1.950,29.292,1688
1.950,29.292,1689
1.951,29.303,1690
1.965,29.722,1691
1.964,29.702,1692
1.964,29.698,1693
1.971,29.918,1694
1.965,29.746,1695
1.974,29.990,1696
1.967,29.782,1697
1.960,29.566,1698
1.969,29.854,1699
1.963,29.686,1700
1.965,29.746,1701
1.972,29.938,1702
1.973,29.966,1703
1.966,29.750,1704
1.964,29.690,1705
1.960,29.594,1706
1.966,29.754,1707
1.961,29.598,1708
1.958,29.530,1709
1.959,29.558,1710
1.954,29.403,1711
1.961,29.618,1712
1.963,29.674,1713
1.965,29.726,1714
1.953,29.375,1715
1.961,29.622,1716
1.954,29.399,1717
1.958,29.530,1718
1.953,29.379,1719
1.966,29.770,1720
1.960,29.570,1721
1.960,29.566,1722
1.951,29.296,1723
1.953,29.367,1724
1.948,29.216,1725
1.952,29.335,1726
1.948,29.228,1727
1.954,29.403,1728
1.955,29.435,1729
1.944,29.090,1730
1.953,29.383,1731
1.947,29.196,1732
1.952,29.343,1733
1.951,29.307,1734
1.946,29.157,1735
1.945,29.141,1736
1.945,29.137,1737
1.956,29.451,1738
1.962,29.642,1739
1.958,29.518,1740
1.949,29.248,1741
1.951,29.311,1742
1.947,29.177,1743
1.953,29.371,1744
1.953,29.371,1745
1.962,29.646,1746
1.940,28.971,1747
1.951,29.319,1748
1.947,29.177,1749
1.960,29.574,1750
1.958,29.506,1751
1.952,29.343,1752
1.961,29.602,1753
1.942,29.046,1754
1.951,29.319,1755
1.940,28.979,1756
1.957,29.478,1757
1.940,28.983,1758
1.938,28.916,1759
1.939,28.963,1760
1.935,28.833,1761
1.932,28.727,1762
1.937,28.896,1763
1.939,28.963,1764
1.941,29.011,1765
1.944,29.094,1766
1.936,28.861,1767
1.943,29.070,1768
1.941,29.015,1769
1.942,29.054,1770
1.946,29.161,1771
1.947,29.181,1772
1.949,29.244,1773
1.937,28.876,1774
1.946,29.153,1775
1.937,28.892,1776
1.941,28.995,1777
1.945,29.117,1778
1.938,28.920,1779
1.950,29.276,1780
1.950,29.292,1781
1.942,29.034,1782
1.937,28.892,1783
1.928,28.613,1784
1.937,28.888,1785
1.937,28.884,1786
1.930,28.680,1787
1.930,28.672,1788
1.928,28.621,1789
1.926,28.570,1790
1.928,28.621,1791
1.931,28.719,1792
1.930,28.672,1793
1.931,28.719,1794
1.923,28.464,1795
1.927,28.601,1796
1.938,28.908,1797
1.932,28.754,1798
1.932,28.754,1799
1.938,28.916,1800
1.929,28.641,1801
1.930,28.696,1802
1.927,28.582,1803
1.931,28.703,1804
1.925,28.543,1805
1.933,28.774,1806
1.936,28.865,1807
1.928,28.609,1808
1.919,28.363,1809
1.927,28.601,1810
1.920,28.390,1811
1.927,28.594,1812
1.931,28.719,1813
1.928,28.629,1814
1.931,28.703,1815
1.928,28.621,1816
1.937,28.888,1817
1.937,28.900,1818
1.933,28.778,1819
1.943,29.070,1820
1.944,29.094,1821
1.942,29.034,1822
1.941,28.999,1823
1.930,28.688,1824
1.946,29.149,1825
1.944,29.086,1826
1.949,29.236,1827
1.955,29.427,1828
1.946,29.153,1829
1.949,29.252,1830
1.947,29.192,1831
1.954,29.403,1832
1.947,29.177,1833
1.946,29.157,1834
1.952,29.335,1835
1.954,29.387,1836
1.948,29.216,1837
1.956,29.447,1838
1.960,29.590,1839
1.958,29.514,1840
1.957,29.494,1841
1.962,29.626,1842
1.967,29.790,1843
1.967,29.794,1844
1.959,29.550,1845
1.968,29.818,1846
1.962,29.630,1847
1.964,29.690,1848
1.962,29.646,1849
1.961,29.602,1850
1.962,29.654,1851
1.968,29.826,1852
1.956,29.458,1853
1.970,29.886,1854
1.967,29.782,1855
1.965,29.722,1856
1.958,29.534,1857
1.975,30.034,1858
1.970,29.898,1859
1.964,29.698,1860
1.965,29.734,1861
1.974,30.010,1862
1.973,29.970,1863
1.970,29.894,1864
1.971,29.918,1865
1.978,30.135,1866
1.977,30.107,1867
1.972,29.958,1868
1.970,29.874,1869
1.970,29.870,1870
1.969,29.850,1871
1.972,29.958,1872
1.968,29.830,1873
1.970,29.874,1874
1.974,29.994,1875
1.969,29.866,1876
1.974,29.990,1877
1.964,29.690,1878
1.966,29.770,1879
1.975,30.026,1880
1.970,29.878,1881
1.967,29.794,1882
1.976,30.066,1883
1.963,29.662,1884
1.969,29.842,1885
1.965,29.718,1886
1.967,29.786,1887
1.961,29.598,1888
1.965,29.738,1889
1.971,29.910,1890
1.965,29.746,1891
1.968,29.810,1892
1.968,29.830,1893
1.964,29.706,1894
1.963,29.670,1895
1.973,29.974,1896
1.968,29.810,1897
1.970,29.898,1898
1.971,29.918,1899
1.975,30.046,1900
1.969,29.846,1901
1.975,30.022,1902
1.970,29.890,1903
1.974,30.006,1904
1.971,29.918,1905
1.971,29.906,1906
1.966,29.774,1907
1.972,29.946,1908
1.971,29.922,1909
1.971,29.914,1910
1.975,30.030,1911
1.970,29.898,1912
1.970,29.886,1913
1.961,29.606,1914
1.963,29.686,1915
1.971,29.914,1916
1.963,29.662,1917
1.955,29.443,1918
1.955,29.435,1919
1.955,29.431,1920
1.961,29.610,1921
1.958,29.518,1922
1.961,29.610,1923
1.955,29.435,1924
1.961,29.614,1925
1.962,29.650,1926
1.956,29.462,1927
1.958,29.522,1928
1.952,29.331,1929
1.965,29.746,1930
1.958,29.530,1931
1.955,29.435,1932
1.960,29.586,1933
1.958,29.510,1934
1.960,29.570,1935
1.955,29.423,1936
1.963,29.670,1937
1.955,29.443,1938
1.948,29.232,1939
1.961,29.622,1940
1.960,29.570,1941
1.966,29.754,1942
1.965,29.738,1943
1.961,29.606,1944
1.960,29.594,1945
1.960,29.578,1946
1.958,29.506,1947
1.956,29.474,1948
1.959,29.546,1949
1.953,29.363,1950
1.962,29.654,1951
1.961,29.602,1952
1.960,29.586,1953
1.953,29.379,1954
1.962,29.630,1955
1.958,29.522,1956
1.957,29.494,1957
1.958,29.526,1958
1.955,29.427,1959
1.971,29.922,1960
1.963,29.686,1961
1.963,29.658,1962
1.966,29.758,1963
1.966,29.770,1964
1.960,29.586,1965
1.972,29.954,1966
1.964,29.714,1967
1.968,29.822,1968
1.976,30.074,1969
1.968,29.826,1970
1.970,29.878,1971
1.976,30.074,1972
1.970,29.894,1973
1.974,29.998,1974
1.974,30.018,1975
1.977,30.082,1976
1.969,29.854,1977
1.970,29.890,1978
1.970,29.874,1979
1.967,29.794,1980
1.963,29.678,1981
1.969,29.858,1982
1.961,29.602,1983
1.968,29.822,1984
1.968,29.830,1985
1.959,29.554,1986
1.957,29.482,1987
1.964,29.710,1988
1.963,29.658,1989
1.955,29.427,1990
1.965,29.722,1991
1.963,29.682,1992
1.964,29.702,1993
1.961,29.618,1994
1.963,29.662,1995
1.961,29.606,1996
1.958,29.518,1997
1.959,29.562,1998
1.958,29.530,1999
1.953,29.355,2000
1.960,29.578,2001
1.965,29.738,2002
1.961,29.610,2003
1.964,29.690,2004
1.962,29.638,2005
1.960,29.566,2006
1.959,29.538,2007
1.953,29.371,2008
1.954,29.399,2009
1.958,29.526,2010
1.956,29.458,2011
1.955,29.439,2012
1.957,29.482,2013
1.956,29.470,2014
1.959,29.538,2015
1.959,29.538,2016
1.955,29.431,2017
1.954,29.411,2018
1.958,29.514,2019
1.952,29.335,2020
1.961,29.602,2021
1.953,29.359,2022
1.952,29.327,2023
1.950,29.276,2024
1.952,29.331,2025
1.956,29.447,2026
1.953,29.355,2027
1.952,29.343,2028
1.957,29.502,2029
1.951,29.296,2030
1.952,29.351,2031
1.945,29.117,2032
1.950,29.272,2033
1.956,29.466,2034
1.949,29.248,2035
1.945,29.141,2036
1.939,28.959,2037
1.942,29.026,2038
1.944,29.094,2039
1.941,28.995,2040
1.943,29.074,2041
1.945,29.133,2042
1.941,29.018,2043
1.949,29.244,2044
1.943,29.058,2045
1.953,29.359,2046
1.958,29.518,2047
1.958,29.530,2048
1.961,29.602,2049
1.956,29.451,2050
1.955,29.427,2051
1.950,29.288,2052
1.963,29.674,2053
1.950,29.292,2054
1.953,29.371,2055
1.966,29.762,2056
1.956,29.451,2057
1.965,29.746,2058
1.957,29.498,2059
1.951,29.296,2060
1.949,29.244,2061
1.955,29.423,2062
1.958,29.514,2063
1.951,29.311,2064
1.944,29.094,2065
1.945,29.137,2066
1.950,29.280,2067
1.954,29.395,2068
1.941,29.011,2069
1.941,28.999,2070
1.935,28.845,2071
1.946,29.165,2072
1.943,29.078,2073
1.944,29.113,2074
1.945,29.121,2075
1.958,29.526,2076
1.944,29.086,2077
1.938,28.932,2078
1.932,28.731,2079
1.940,28.979,2080
1.946,29.165,2081
1.942,29.050,2082
1.941,29.018,2083
1.941,29.011,2084
1.949,29.240,2085
1.947,29.192,2086
1.946,29.169,2087
1.944,29.101,2088
1.946,29.149,2089
1.954,29.403,2090
1.948,29.224,2091
1.960,29.594,2092
1.950,29.284,2093
1.958,29.510,2094
1.955,29.423,2095
1.956,29.458,2096
1.952,29.339,2097
1.954,29.403,2098
1.955,29.427,2099
1.959,29.550,2100
1.960,29.590,2101
1.958,29.534,2102
1.958,29.506,2103
1.952,29.339,2104
1.950,29.292,2105
1.946,29.169,2106
1.952,29.331,2107
1.945,29.141,2108
1.959,29.542,2109
1.947,29.177,2110
1.948,29.224,2111
1.954,29.411,2112
1.961,29.618,2113
1.951,29.311,2114
1.956,29.474,2115
1.951,29.315,2116
1.949,29.252,2117
1.958,29.510,2118
1.953,29.379,2119
1.957,29.482,2120
1.955,29.439,2121
1.955,29.435,2122
1.952,29.347,2123
1.957,29.490,2124
1.949,29.260,2125
1.945,29.141,2126
1.944,29.090,2127
1.946,29.173,2128
1.954,29.391,2129
1.941,29.022,2130
1.942,29.030,2131
1.949,29.256,2132
1.956,29.470,2133
1.947,29.181,2134
1.949,29.260,2135
1.956,29.447,2136
1.936,28.853,2137
1.940,28.991,2138
1.939,28.955,2139
1.941,29.018,2140
1.936,28.861,2141
1.938,28.924,2142
1.944,29.086,2143
1.935,28.845,2144
1.935,28.845,2145
1.933,28.770,2146
1.931,28.715,2147
1.928,28.621,2148
1.936,28.849,2149
1.931,28.719,2150
1.930,28.692,2151
1.928,28.633,2152
1.931,28.711,2153
1.939,28.959,2154
1.930,28.688,2155
1.930,28.688,2156
1.949,29.240,2157
1.935,28.821,2158
1.928,28.621,2159
1.944,29.086,2160
1.938,28.932,2161
1.939,28.947,2162
1.945,29.141,2163
1.950,29.288,2164
1.946,29.169,2165
1.950,29.276,2166
1.950,29.284,2167
1.947,29.185,2168
1.940,28.971,2169
1.948,29.208,2170
1.946,29.169,2171
1.941,28.995,2172
1.948,29.208,2173
1.951,29.323,2174
1.941,29.014,2175
1.948,29.216,2176
1.948,29.216,2177
1.943,29.062,2178
1.945,29.125,2179
1.956,29.462,2180
1.952,29.343,2181
1.954,29.395,2182
1.945,29.121,2183
1.946,29.157,2184
1.942,29.034,2185
1.936,28.873,2186
1.946,29.157,2187
1.951,29.315,2188
1.950,29.284,2189
1.951,29.319,2190
1.941,29.011,2191
1.949,29.240,2192
1.943,29.078,2193
1.946,29.153,2194
1.953,29.371,2195
1.950,29.272,2196
1.949,29.252,2197
1.958,29.526,2198
1.949,29.236,2199
1.947,29.189,2200
1.944,29.090,2201
1.951,29.315,2202
1.947,29.196,2203
1.957,29.502,2204
1.939,28.963,2205
1.944,29.094,2206
1.940,28.971,2207
1.945,29.129,2208
1.939,28.940,2209
1.949,29.256,2210
1.946,29.145,2211
1.951,29.296,2212
1.943,29.066,2213
1.936,28.861,2214
1.939,28.947,2215
1.939,28.940,2216
1.931,28.719,2217
1.944,29.090,2218
1.937,28.888,2219
1.939,28.947,2220
1.937,28.876,2221
1.938,28.928,2222
1.935,28.845,2223
1.936,28.869,2224
1.943,29.070,2225
1.937,28.884,2226
1.939,28.936,2227
1.937,28.892,2228
1.948,29.212,2229
1.942,29.050,2230
1.937,28.904,2231
1.939,28.963,2232
1.944,29.090,2233
1.941,28.995,2234
1.935,28.833,2235
1.938,28.920,2236
1.937,28.900,2237
1.940,28.991,2238
1.943,29.082,2239
1.940,28.967,2240
1.937,28.884,2241
1.943,29.074,2242
1.930,28.684,2243
1.942,29.034,2244
1.941,29.011,2245
1.930,28.676,2246
1.926,28.550,2247
1.935,28.817,2248
1.930,28.676,2249
1.931,28.711,2250
1.935,28.841,2251
1.931,28.711,2252
1.938,28.916,2253
1.931,28.715,2254
1.929,28.644,2255
1.926,28.550,2256
1.929,28.641,2257
1.929,28.644,2258
1.928,28.617,2259
1.923,28.460,2260
1.926,28.554,2261
1.937,28.876,2262
1.930,28.684,2263
1.925,28.531,2264
1.922,28.445,2265
1.933,28.770,2266
1.928,28.625,2267
1.924,28.503,2268
1.923,28.484,2269
1.924,28.511,2270
1.921,28.417,2271
1.928,28.613,2272
1.920,28.371,2273
1.925,28.535,2274
1.916,28.261,2275
1.924,28.492,2276
1.920,28.386,2277
1.917,28.304,2278
1.919,28.367,2279
1.918,28.316,2280
1.918,28.328,2281
1.917,28.304,2282
1.915,28.230,2283
1.915,28.234,2284
1.907,27.997,2285
1.915,28.238,2286
1.909,28.071,2287
1.920,28.374,2288
1.921,28.410,2289
1.917,28.292,2290
1.912,28.164,2291
1.912,28.156,2292
1.918,28.324,2293
1.910,28.098,2294
1.909,28.071,2295
1.917,28.304,2296
1.913,28.191,2297
1.909,28.059,2298
1.915,28.234,2299
1.917,28.308,2300
1.916,28.277,2301
1.918,28.339,2302
1.926,28.574,2303
1.922,28.456,2304
1.922,28.441,2305
1.908,28.043,2306
1.918,28.316,2307
1.918,28.339,2308
1.915,28.246,2309
1.921,28.425,2310
1.917,28.308,2311
1.912,28.152,2312
1.922,28.456,2313
1.916,28.257,2314
1.909,28.071,2315
1.911,28.129,2316
1.919,28.343,2317
1.921,28.425,2318
1.919,28.351,2319
1.918,28.328,2320
1.916,28.253,2321
1.915,28.250,2322
1.915,28.238,2323
1.914,28.195,2324
1.920,28.371,2325
1.919,28.359,2326
1.928,28.629,2327
1.911,28.121,2328
1.925,28.523,2329
1.911,28.110,2330
1.910,28.102,2331
1.922,28.437,2332
1.914,28.215,2333
1.921,28.402,2334
1.911,28.129,2335
1.913,28.191,2336
1.912,28.160,2337
1.909,28.047,2338
1.902,27.854,2339
1.915,28.230,2340
1.906,27.981,2341
1.906,27.985,2342
1.916,28.273,2343
1.920,28.371,2344
1.919,28.367,2345
1.920,28.371,2346
1.907,28.001,2347
1.927,28.594,2348
1.912,28.156,2349
1.925,28.543,2350
1.918,28.339,2351
1.914,28.222,2352
1.923,28.464,2353
1.910,28.094,2354
1.919,28.347,2355
1.918,28.331,2356
1.911,28.133,2357
1.915,28.234,2358
1.912,28.148,2359
1.912,28.148,2360
1.918,28.324,2361
1.918,28.316,2362
1.914,28.211,2363
1.901,27.826,2364
1.908,28.020,2365
1.909,28.055,2366
1.914,28.211,2367
1.911,28.129,2368
1.918,28.324,2369
1.923,28.484,2370
1.927,28.578,2371
1.917,28.292,2372
1.914,28.203,2373
1.917,28.289,2374
1.920,28.374,2375
1.919,28.355,2376
1.911,28.109,2377
1.921,28.402,2378
1.932,28.727,2379
1.918,28.316,2380
1.926,28.574,2381
1.917,28.304,2382
1.916,28.281,2383
1.922,28.453,2384
1.928,28.613,2385
1.929,28.652,2386
1.926,28.558,2387
1.930,28.696,2388
1.925,28.519,2389
1.944,29.090,2390
1.930,28.676,2391
1.928,28.613,2392
1.933,28.778,2393
1.927,28.578,2394
1.922,28.453,2395
1.938,28.924,2396
1.923,28.472,2397
1.927,28.597,2398
1.927,28.578,2399
1.929,28.664,2400
1.923,28.484,2401
1.922,28.441,2402
1.926,28.562,2403
1.918,28.312,2404
1.926,28.562,2405
1.930,28.676,2406
1.922,28.456,2407
1.925,28.539,2408
1.926,28.550,2409
1.923,28.484,2410
1.915,28.226,2411
1.935,28.841,2412
1.922,28.453,2413
1.926,28.558,2414
1.930,28.672,2415
1.925,28.535,2416
1.931,28.715,2417
1.932,28.739,2418
1.939,28.943,2419
1.924,28.515,2420
1.930,28.672,2421
1.928,28.629,2422
1.932,28.735,2423
1.934,28.798,2424
1.933,28.782,2425
1.939,28.951,2426
1.930,28.696,2427
1.934,28.790,2428
1.931,28.707,2429
1.936,28.857,2430
1.942,29.050,2431
1.928,28.625,2432
1.932,28.731,2433
1.931,28.719,2434
1.928,28.629,2435
1.926,28.554,2436
1.934,28.786,2437
1.930,28.696,2438
1.925,28.543,2439
1.931,28.699,2440
1.929,28.656,2441
1.925,28.523,2442
1.922,28.441,2443
1.927,28.578,2444
1.918,28.331,2445
1.931,28.699,2446
1.930,28.668,2447
1.926,28.558,2448
1.923,28.480,2449
1.921,28.429,2450
1.918,28.335,2451
1.923,28.464,2452
1.923,28.472,2453
1.926,28.558,2454
1.920,28.378,2455
1.911,28.113,2456
1.918,28.339,2457
1.914,28.222,2458
1.921,28.417,2459
1.912,28.164,2460
1.917,28.304,2461
1.906,27.962,2462
1.904,27.900,2463
1.920,28.382,2464
1.906,27.974,2465
1.912,28.141,2466
1.907,28.001,2467
1.908,28.040,2468
1.902,27.846,2469
1.905,27.958,2470
1.905,27.958,2471
1.904,27.927,2472
1.905,27.931,2473
1.900,27.784,2474
1.910,28.078,2475
1.899,27.776,2476
1.908,28.036,2477
1.907,28.001,2478
1.912,28.152,2479
1.917,28.304,2480
1.914,28.222,2481
1.914,28.222,2482
1.917,28.308,2483
1.910,28.082,2484
1.913,28.172,2485
1.913,28.183,2486
1.917,28.292,2487
1.911,28.113,2488
1.919,28.363,2489
1.908,28.032,2490
1.924,28.492,2491
1.925,28.527,2492
1.911,28.117,2493
1.908,28.024,2494
1.922,28.437,2495
1.915,28.234,2496
1.909,28.059,2497
1.913,28.191,2498
1.915,28.246,2499
1.921,28.417,2500
1.924,28.496,2501
1.907,27.989,2502
1.913,28.176,2503
1.921,28.406,2504
1.915,28.234,2505
1.907,27.989,2506
1.918,28.324,2507
1.911,28.125,2508
1.920,28.386,2509
1.918,28.331,2510
1.915,28.230,2511
1.927,28.597,2512
1.928,28.621,2513
1.926,28.562,2514
1.916,28.265,2515
1.911,28.106,2516
1.929,28.644,2517
1.919,28.347,2518
1.913,28.191,2519
1.914,28.207,2520
1.914,28.222,2521
1.913,28.172,2522
1.921,28.417,2523
1.913,28.179,2524
1.922,28.441,2525
1.922,28.437,2526
1.918,28.339,2527
1.924,28.492,2528
1.913,28.183,2529
1.921,28.402,2530
1.912,28.141,2531
1.918,28.324,2532
1.915,28.226,2533
1.916,28.253,2534
1.920,28.371,2535
1.914,28.203,2536
1.907,28.009,2537
1.923,28.464,2538
1.928,28.617,2539
1.915,28.226,2540
1.923,28.480,2541
1.923,28.480,2542
1.923,28.488,2543
1.929,28.664,2544
1.923,28.464,2545
1.925,28.535,2546
1.926,28.570,2547
1.928,28.629,2548
1.922,28.441,2549
1.921,28.417,2550
1.927,28.586,2551
1.903,27.885,2552
1.925,28.531,2553
1.914,28.195,2554
1.921,28.425,2555
1.920,28.386,2556
1.918,28.335,2557
1.923,28.460,2558
1.917,28.296,2559
1.923,28.476,2560
1.927,28.597,2561
1.925,28.535,2562
1.936,28.873,2563
1.929,28.645,2564
1.925,28.531,2565
1.917,28.300,2566
1.921,28.413,2567
1.930,28.668,2568
1.923,28.472,2569
1.917,28.285,2570
1.919,28.363,2571
1.930,28.684,2572
1.924,28.492,2573
1.931,28.719,2574
1.916,28.277,2575
1.914,28.222,2576
1.914,28.207,2577
1.914,28.203,2578
1.918,28.320,2579
1.915,28.242,2580
1.922,28.453,2581
1.924,28.515,2582
1.924,28.499,2583
1.925,28.539,2584
1.929,28.641,2585
1.916,28.277,2586
1.923,28.472,2587
1.926,28.574,2588
1.920,28.386,2589
1.917,28.292,2590
1.916,28.257,2591
1.918,28.320,2592
1.915,28.234,2593
1.917,28.300,2594
1.922,28.449,2595
1.918,28.328,2596
1.914,28.207,2597
1.914,28.218,2598
1.917,28.285,2599
1.921,28.421,2600
1.920,28.378,2601
1.916,28.257,2602
1.913,28.191,2603
1.908,28.032,2604
1.906,27.985,2605
1.907,27.997,2606
1.911,28.133,2607
1.912,28.144,2608
1.909,28.059,2609
1.914,28.211,2610
1.912,28.137,2611
1.914,28.215,2612
1.914,28.195,2613
1.912,28.156,2614
1.908,28.028,2615
1.918,28.320,2616
1.914,28.195,2617
1.923,28.460,2618
1.912,28.144,2619
1.922,28.437,2620
1.917,28.289,2621
1.914,28.211,2622
1.922,28.433,2623
1.918,28.324,2624
1.924,28.499,2625
1.925,28.531,2626
1.938,28.932,2627
1.926,28.574,2628
1.939,28.963,2629
1.932,28.747,2630
1.927,28.590,2631
1.914,28.222,2632
1.929,28.656,2633
1.926,28.550,2634
1.924,28.515,2635
1.921,28.406,2636
1.914,28.211,2637
1.923,28.484,2638
1.918,28.339,2639
1.919,28.363,2640
1.922,28.453,2641
1.916,28.254,2642
1.913,28.172,2643
1.920,28.371,2644
1.921,28.413,2645
1.920,28.374,2646
1.919,28.363,2647
1.916,28.265,2648
1.920,28.390,2649
1.919,28.347,2650
1.919,28.343,2651
1.924,28.500,2652
1.919,28.367,2653
1.931,28.703,2654
1.922,28.437,2655
1.925,28.546,2656
1.925,28.531,2657
1.930,28.684,2658
1.937,28.892,2659
1.929,28.648,2660
1.931,28.707,2661
1.931,28.711,2662
1.928,28.609,2663
1.924,28.499,2664
1.935,28.841,2665
1.924,28.496,2666
1.924,28.511,2667
1.921,28.425,2668
1.923,28.468,2669
1.923,28.472,2670
1.923,28.464,2671
1.916,28.281,2672
1.919,28.351,2673
1.920,28.371,2674
1.912,28.152,2675
1.919,28.351,2676
1.916,28.277,2677
1.911,28.121,2678
1.905,27.931,2679
1.911,28.117,2680
1.918,28.328,2681
1.912,28.156,2682
1.915,28.230,2683
1.913,28.183,2684
1.901,27.815,2685
1.902,27.846,2686
1.904,27.912,2687
1.903,27.892,2688
1.908,28.020,2689
1.904,27.908,2690
1.905,27.943,2691
1.901,27.834,2692
1.909,28.055,2693
1.905,27.954,2694
1.916,28.269,2695
1.904,27.900,2696
1.909,28.055,2697
1.908,28.032,2698
1.906,27.977,2699
1.900,27.803,2700
1.904,27.923,2701
1.901,27.823,2702
1.898,27.734,2703
1.908,28.024,2704
1.913,28.191,2705
1.911,28.121,2706
1.911,28.117,2707
1.908,28.024,2708
1.908,28.043,2709
1.903,27.892,2710
1.916,28.277,2711
1.911,28.113,2712
1.906,27.970,2713
1.903,27.888,2714
1.910,28.098,2715
1.904,27.919,2716
1.909,28.055,2717
1.902,27.854,2718
1.906,27.977,2719
1.903,27.892,2720
1.909,28.063,2721
1.911,28.117,2722
1.903,27.892,2723
1.909,28.067,2724
1.910,28.082,2725
1.908,28.036,2726
1.908,28.020,2727
1.906,27.981,2728
1.896,27.684,2729
1.904,27.923,2730
1.904,27.912,2731
1.901,27.838,2732
1.907,28.012,2733
1.895,27.664,2734
1.908,28.036,2735
1.906,27.981,2736
1.902,27.850,2737
1.913,28.179,2738
1.900,27.803,2739
1.897,27.722,2740
1.888,27.449,2741
1.896,27.672,2742
1.888,27.453,2743
1.890,27.495,2744
1.883,27.311,2745
1.898,27.730,2746
1.897,27.695,2747
1.891,27.545,2748
1.889,27.483,2749
1.894,27.633,2750
1.893,27.603,2751
1.885,27.364,2752
1.883,27.299,2753
1.889,27.480,2754
1.894,27.626,2755
1.885,27.360,2756
1.894,27.633,2757
1.891,27.529,2758
1.890,27.499,2759
1.896,27.672,2760
1.895,27.649,2761
1.899,27.765,2762
1.888,27.456,2763
1.884,27.334,2764
1.884,27.318,2765
1.883,27.315,2766
1.885,27.361,2767
1.888,27.437,2768
1.898,27.730,2769
1.889,27.483,2770
1.875,27.081,2771
1.883,27.295,2772
1.891,27.526,2773
1.881,27.257,2774
1.883,27.307,2775
1.873,27.009,2776
1.881,27.257,2777
1.881,27.246,2778
1.888,27.453,2779
1.884,27.345,2780
1.890,27.499,2781
1.883,27.292,2782
1.881,27.249,2783
1.870,26.921,2784
1.878,27.165,2785
1.885,27.372,2786
1.883,27.307,2787
1.883,27.288,2788
1.886,27.403,2789
1.888,27.460,2790
1.884,27.341,2791
1.882,27.284,2792
1.892,27.568,2793
1.884,27.318,2794
1.884,27.322,2795
1.877,27.142,2796
1.882,27.269,2797
1.888,27.445,2798
1.880,27.204,2799
1.880,27.223,2800
1.882,27.280,2801
1.882,27.261,2802
1.885,27.372,2803
1.881,27.257,2804
1.871,26.963,2805
1.880,27.207,2806
1.873,27.005,2807
1.876,27.093,2808
1.873,27.016,2809
1.876,27.085,2810
1.879,27.196,2811
1.883,27.307,2812
1.879,27.196,2813
1.885,27.353,2814
1.873,27.009,2815
1.882,27.265,2816
1.889,27.480,2817
1.883,27.311,2818
1.883,27.307,2819
1.874,27.028,2820
1.876,27.097,2821
1.880,27.204,2822
1.878,27.169,2823
1.876,27.104,2824
1.885,27.368,2825
1.891,27.526,2826
1.886,27.391,2827
1.885,27.357,2828
1.881,27.234,2829
1.890,27.506,2830
1.888,27.441,2831
1.888,27.437,2832
1.877,27.119,2833
1.877,27.131,2834
1.889,27.479,2835
1.892,27.568,2836
1.882,27.272,2837
1.887,27.414,2838
1.889,27.464,2839
1.890,27.495,2840
1.888,27.456,2841
1.890,27.491,2842
1.891,27.529,2843
1.891,27.537,2844
1.885,27.364,2845
1.881,27.249,2846
1.883,27.295,2847
1.890,27.514,2848
1.893,27.606,2849
1.887,27.407,2850
1.890,27.506,2851
1.896,27.691,2852
1.891,27.522,2853
1.886,27.403,2854
1.887,27.430,2855
1.895,27.645,2856
1.887,27.422,2857
1.884,27.337,2858
1.881,27.234,2859
1.896,27.672,2860
1.890,27.518,2861
1.895,27.653,2862
1.890,27.514,2863
1.884,27.334,2864
1.892,27.553,2865
1.890,27.503,2866
1.889,27.487,2867
1.899,27.757,2868
1.896,27.680,2869
1.895,27.657,2870
1.898,27.753,2871
1.903,27.892,2872
1.902,27.865,2873
1.899,27.765,2874
1.902,27.865,2875
1.902,27.861,2876
1.901,27.830,2877
1.897,27.695,2878
1.901,27.815,2879
1.905,27.931,2880
1.912,28.164,2881
1.900,27.799,2882
1.906,27.962,2883
1.904,27.923,2884
1.895,27.657,2885
1.897,27.695,2886
1.902,27.865,2887
1.900,27.807,2888
1.894,27.614,2889
1.904,27.923,2890
1.896,27.672,2891
1.904,27.904,2892
1.895,27.649,2893
1.901,27.838,2894
1.904,27.912,2895
1.895,27.653,2896
1.903,27.888,2897
1.896,27.672,2898
1.900,27.807,2899
1.900,27.788,2900
1.903,27.888,2901
1.897,27.722,2902
1.899,27.757,2903
1.893,27.599,2904
1.896,27.684,2905
1.886,27.403,2906
1.907,28.009,2907
1.897,27.718,2908
1.896,27.676,2909
1.897,27.695,2910
1.893,27.580,2911
1.895,27.664,2912
1.904,27.908,2913
1.898,27.749,2914
1.900,27.788,2915
1.892,27.556,2916
1.897,27.703,2917
1.895,27.641,2918
1.896,27.684,2919
1.898,27.726,2920
1.897,27.703,2921
1.893,27.595,2922
1.896,27.687,2923
1.892,27.564,2924
1.892,27.560,2925
1.899,27.757,2926
1.882,27.280,2927
1.891,27.529,2928
1.895,27.657,2929
1.893,27.599,2930
1.889,27.476,2931
1.886,27.399,2932
1.889,27.487,2933
1.891,27.533,2934
1.882,27.276,2935
1.892,27.560,2936
1.892,27.568,2937
1.887,27.422,2938
1.895,27.645,2939
1.886,27.387,2940
1.894,27.610,2941
1.889,27.472,2942
1.895,27.637,2943
1.888,27.445,2944
1.889,27.483,2945
1.895,27.660,2946
1.894,27.626,2947
1.877,27.116,2948
1.888,27.441,2949
1.889,27.476,2950
1.900,27.807,2951
1.894,27.633,2952
1.892,27.572,2953
1.885,27.357,2954
1.885,27.353,2955
1.895,27.641,2956
1.894,27.622,2957
1.884,27.345,2958
1.886,27.403,2959
1.879,27.181,2960
1.882,27.276,2961
1.900,27.803,2962
1.890,27.499,2963
1.890,27.510,2964
1.887,27.418,2965
1.891,27.541,2966
1.902,27.842,2967
1.904,27.908,2968
1.898,27.749,2969
1.886,27.387,2970
1.888,27.460,2971
1.889,27.480,2972
1.882,27.272,2973
1.882,27.269,2974
1.878,27.158,2975
1.874,27.036,2976
1.879,27.177,2977
1.882,27.265,2978
1.879,27.181,2979
1.882,27.284,2980
1.875,27.081,2981
1.879,27.200,2982
1.870,26.917,2983
1.878,27.150,2984
1.877,27.131,2985
1.878,27.150,2986
1.869,26.898,2987
1.884,27.318,2988
1.872,26.994,2989
1.874,27.047,2990
1.876,27.104,2991
1.872,26.990,2992
1.870,26.937,2993
1.861,26.678,2994
1.875,27.077,2995
1.868,26.879,2996
1.875,27.074,2997
1.866,26.800,2998
1.867,26.838,2999
1.868,26.872,3000
1.873,27.001,3001
1.877,27.119,3002
1.876,27.108,3003
1.867,26.826,3004
1.869,26.891,3005
1.881,27.253,3006
1.871,26.944,3007
1.873,27.005,3008
1.871,26.948,3009
1.872,26.978,3010
1.872,26.994,3011
1.873,27.009,3012
1.876,27.108,3013
1.887,27.430,3014
1.876,27.085,3015
1.876,27.097,3016
1.869,26.883,3017
1.876,27.093,3018
1.881,27.238,3019
1.875,27.070,3020
1.886,27.383,3021
1.878,27.150,3022
1.881,27.257,3023
1.879,27.188,3024
1.880,27.207,3025
1.887,27.426,3026
1.880,27.215,3027
1.874,27.051,3028
1.874,27.039,3029
1.867,26.853,3030
1.869,26.895,3031
1.884,27.345,3032
1.888,27.445,3033
1.883,27.295,3034
1.875,27.062,3035
1.879,27.184,3036
1.881,27.249,3037
1.884,27.341,3038
1.881,27.238,3039
1.869,26.910,3040
1.878,27.150,3041
1.879,27.173,3042
1.874,27.051,3043
1.876,27.108,3044
1.883,27.307,3045
1.869,26.906,3046
1.877,27.131,3047
1.880,27.215,3048
1.876,27.104,3049
1.875,27.062,3050
1.868,26.860,3051
1.856,26.523,3052
1.861,26.667,3053
1.856,26.516,3054
1.859,26.603,3055
1.866,26.811,3056
1.862,26.697,3057
1.863,26.735,3058
1.864,26.758,3059
1.875,27.062,3060
1.862,26.690,3061
1.869,26.906,3062
1.867,26.826,3063
1.857,26.546,3064
1.865,26.796,3065
1.865,26.777,3066
1.856,26.535,3067
1.855,26.497,3068
1.852,26.410,3069
1.865,26.796,3070
1.865,26.781,3071
1.863,26.720,3072
1.869,26.887,3073
1.867,26.838,3074
1.876,27.097,3075
1.869,26.906,3076
1.865,26.785,3077
1.864,26.754,3078
1.863,26.731,3079
1.858,26.591,3080
1.869,26.902,3081
1.865,26.769,3082
1.870,26.929,3083
1.861,26.671,3084
1.868,26.872,3085
1.871,26.952,3086
1.865,26.796,3087
1.866,26.807,3088
1.870,26.933,3089
1.861,26.663,3090
1.863,26.735,3091
1.860,26.637,3092
1.869,26.883,3093
1.864,26.762,3094
1.873,27.020,3095
1.861,26.675,3096
1.870,26.925,3097
1.865,26.773,3098
1.869,26.887,3099
1.869,26.891,3100
1.863,26.735,3101
1.858,26.588,3102
1.866,26.807,3103
1.867,26.845,3104
1.862,26.705,3105
1.869,26.898,3106
1.871,26.959,3107
1.868,26.879,3108
1.860,26.625,3109
1.872,26.990,3110
1.862,26.682,3111
1.870,26.929,3112
1.867,26.841,3113
1.857,26.546,3114
1.866,26.800,3115
1.867,26.826,3116
1.867,26.841,3117
1.872,26.986,3118
1.855,26.482,3119
1.861,26.667,3120
1.855,26.489,3121
1.854,26.467,3122
1.859,26.606,3123
1.861,26.671,3124
1.854,26.478,3125
1.862,26.697,3126
1.861,26.667,3127
1.858,26.588,3128
1.858,26.591,3129
1.845,26.211,3130
1.852,26.422,3131
1.857,26.557,3132
1.847,26.275,3133
1.856,26.520,3134
1.842,26.132,3135
1.838,26.020,3136
1.843,26.155,3137
1.851,26.384,3138
1.847,26.279,3139
1.855,26.482,3140
1.851,26.384,3141
1.849,26.312,3142
1.852,26.403,3143
1.852,26.399,3144
1.850,26.357,3145
1.853,26.437,3146
1.857,26.542,3147
1.852,26.414,3148
1.856,26.516,3149
1.855,26.501,3150
1.858,26.584,3151
1.862,26.686,3152
1.862,26.697,3153
1.854,26.463,3154
1.864,26.758,3155
1.863,26.728,3156
1.862,26.709,3157
1.857,26.557,3158
1.858,26.591,3159
1.861,26.675,3160
1.855,26.497,3161
1.860,26.641,3162
1.859,26.618,3163
1.854,26.474,3164
1.852,26.399,3165
1.852,26.399,3166
1.855,26.501,3167
1.860,26.641,3168
1.848,26.290,3169
1.858,26.584,3170
1.860,26.644,3171
1.853,26.440,3172
1.851,26.384,3173
1.845,26.211,3174
1.852,26.422,3175
1.850,26.350,3176
1.851,26.395,3177
1.850,26.342,3178
1.851,26.391,3179
1.845,26.211,3180
1.848,26.301,3181
1.839,26.050,3182
1.855,26.497,3183
1.849,26.316,3184
1.853,26.452,3185
1.860,26.652,3186
1.847,26.267,3187
1.847,26.256,3188
1.847,26.271,3189
1.849,26.331,3190
1.845,26.218,3191
1.849,26.327,3192
1.839,26.046,3193
1.846,26.248,3194
1.839,26.027,3195
1.844,26.196,3196
1.847,26.271,3197
1.849,26.324,3198
1.846,26.237,3199
1.851,26.380,3200
1.839,26.039,3201
1.836,25.953,3202
1.848,26.290,3203
1.843,26.158,3204
1.841,26.087,3205
1.844,26.192,3206
1.831,25.811,3207
1.849,26.316,3208
1.830,25.800,3209
1.838,26.016,3210
1.834,25.912,3211
1.838,26.009,3212
1.844,26.170,3213
1.839,26.027,3214
1.835,25.941,3215
1.839,26.027,3216
1.837,25.997,3217
1.835,25.930,3218
1.838,26.012,3219
1.833,25.859,3220
1.835,25.934,3221
1.845,26.203,3222
1.833,25.867,3223
1.833,25.867,3224
1.836,25.953,3225
1.832,25.844,3226
1.832,25.852,3227
1.831,25.822,3228
1.833,25.867,3229
1.831,25.822,3230
1.833,25.878,3231
1.826,25.677,3232
1.833,25.870,3233
1.833,25.882,3234
1.822,25.562,3235
1.825,25.636,3236
1.830,25.789,3237
1.823,25.592,3238
1.828,25.725,3239
1.828,25.718,3240
1.830,25.781,3241
1.826,25.662,3242
1.836,25.960,3243
1.834,25.889,3244
1.835,25.926,3245
1.832,25.852,3246
1.826,25.681,3247
1.834,25.893,3248
1.832,25.852,3249
1.835,25.941,3250
1.830,25.792,3251
1.840,26.069,3252
1.823,25.599,3253
1.835,25.923,3254
1.826,25.673,3255
1.831,25.803,3256
1.836,25.949,3257
1.830,25.792,3258
1.836,25.960,3259
1.833,25.878,3260
1.836,25.953,3261
1.828,25.722,3262
1.836,25.953,3263
1.843,26.147,3264
1.834,25.900,3265
1.829,25.762,3266
1.831,25.807,3267
1.834,25.889,3268
1.833,25.867,3269
1.839,26.035,3270
1.834,25.889,3271
1.836,25.968,3272
1.838,26.005,3273
1.840,26.061,3274
1.840,26.076,3275
1.838,26.012,3276
1.844,26.185,3277
1.826,25.681,3278
1.830,25.788,3279
1.846,26.233,3280
1.846,26.226,3281
1.839,26.046,3282
1.839,26.035,3283
1.839,26.035,3284
1.840,26.068,3285
1.848,26.305,3286
1.844,26.192,3287
1.845,26.200,3288
1.855,26.497,3289
1.841,26.087,3290
1.846,26.230,3291
1.836,25.949,3292
1.845,26.203,3293
1.851,26.388,3294
1.847,26.271,3295
1.842,26.140,3296
1.841,26.087,3297
1.841,26.091,3298
1.848,26.305,3299
1.838,26.016,3300
1.834,25.889,3301
1.837,25.986,3302
1.835,25.915,3303
1.837,25.997,3304
1.835,25.934,3305
1.833,25.859,3306
1.833,25.878,3307
1.840,26.080,3308
1.829,25.770,3309
1.832,25.841,3310
1.828,25.722,3311
1.829,25.762,3312
1.824,25.625,3313
1.827,25.703,3314
1.831,25.815,3315
1.816,25.403,3316
1.819,25.477,3317
1.818,25.455,3318
1.819,25.477,3319
1.828,25.736,3320
1.824,25.614,3321
1.813,25.314,3322
1.819,25.488,3323
1.823,25.595,3324
1.818,25.440,3325
1.824,25.621,3326
1.819,25.480,3327
1.823,25.595,3328
1.819,25.488,3329
1.820,25.517,3330
1.817,25.429,3331
1.821,25.547,3332
1.811,25.244,3333
1.817,25.410,3334
1.822,25.555,3335
1.821,25.532,3336
1.819,25.469,3337
1.821,25.525,3338
1.822,25.569,3339
1.819,25.480,3340
1.814,25.347,3341
1.812,25.288,3342
1.819,25.488,3343
1.814,25.329,3344
1.810,25.233,3345
1.808,25.182,3346
1.811,25.248,3347
1.810,25.222,3348
1.812,25.285,3349
1.801,24.987,3350
1.820,25.510,3351
1.814,25.347,3352
1.812,25.285,3353
1.804,25.049,3354
1.795,24.822,3355
1.796,24.837,3356
1.802,24.994,3357
1.800,24.961,3358
1.801,24.987,3359
1.799,24.910,3360
1.801,24.969,3361
1.798,24.888,3362
1.797,24.866,3363
1.806,25.112,3364
1.806,25.126,3365
1.804,25.057,3366
1.804,25.068,3367
1.810,25.222,3368
1.807,25.141,3369
1.808,25.171,3370
1.805,25.090,3371
1.798,24.899,3372
1.800,24.950,3373
1.798,24.899,3374
1.808,25.171,3375
1.808,25.167,3376
1.802,25.009,3377
1.800,24.939,3378
1.806,25.104,3379
1.802,24.994,3380
1.808,25.159,3381
1.803,25.020,3382
1.807,25.137,3383
1.811,25.255,3384
1.804,25.057,3385
1.798,24.899,3386
1.804,25.060,3387
1.805,25.097,3388
1.805,25.082,3389
1.805,25.086,3390
1.800,24.943,3391
1.816,25.395,3392
1.810,25.215,3393
1.801,24.983,3394
1.807,25.134,3395
1.797,24.877,3396
1.809,25.196,3397
1.808,25.174,3398
1.804,25.068,3399
1.797,24.866,3400
1.804,25.053,3401
1.803,25.027,3402
1.799,24.932,3403
1.809,25.189,3404
1.803,25.031,3405
1.810,25.218,3406
1.805,25.075,3407
1.800,24.943,3408
1.798,24.881,3409
1.802,24.991,3410
1.804,25.071,3411
1.800,24.939,3412
1.799,24.910,3413
1.795,24.800,3414
1.801,24.972,3415
1.799,24.928,3416
1.799,24.917,3417
1.792,24.717,3418
1.790,24.669,3419
1.801,24.965,3420
1.801,24.987,3421
1.798,24.895,3422
1.790,24.658,3423
1.786,24.564,3424
1.796,24.844,3425
1.799,24.928,3426
1.794,24.782,3427
1.795,24.800,3428
1.797,24.863,3429
1.796,24.844,3430
1.796,24.830,3431
1.798,24.895,3432
1.794,24.771,3433
1.806,25.123,3434
1.796,24.837,3435
1.804,25.046,3436
1.800,24.947,3437
1.795,24.804,3438
1.791,24.691,3439
1.804,25.049,3440
1.801,24.969,3441
1.801,24.972,3442
1.804,25.068,3443
1.802,25.002,3444
1.800,24.961,3445
1.792,24.717,3446
1.798,24.881,3447
1.797,24.873,3448
1.798,24.881,3449
1.799,24.925,3450
1.784,24.495,3451
1.802,25.016,3452
1.801,24.980,3453
1.804,25.053,3454
1.798,24.884,3455
1.789,24.636,3456
1.795,24.811,3457
1.798,24.881,3458
1.798,24.892,3459
1.789,24.636,3460
1.793,24.764,3461
1.791,24.709,3462
1.797,24.877,3463
1.794,24.779,3464
1.793,24.746,3465
1.799,24.914,3466
1.792,24.738,3467
1.789,24.644,3468
1.794,24.786,3469
1.792,24.738,3470
1.798,24.892,3471
1.796,24.837,3472
1.796,24.848,3473
1.795,24.808,3474
1.792,24.717,3475
1.790,24.669,3476
1.788,24.604,3477
1.791,24.698,3478
1.786,24.567,3479
1.792,24.717,3480
1.793,24.760,3481
1.790,24.666,3482
1.781,24.422,3483
1.793,24.757,3484
1.795,24.822,3485
1.794,24.789,3486
1.779,24.379,3487
1.796,24.844,3488
1.788,24.622,3489
1.789,24.655,3490
1.786,24.553,3491
1.792,24.738,3492
1.792,24.735,3493
1.785,24.527,3494
1.793,24.749,3495
1.781,24.422,3496
1.783,24.480,3497
1.783,24.466,3498
1.784,24.495,3499
1.782,24.455,3500
1.786,24.556,3501
1.787,24.589,3502
1.780,24.386,3503
1.787,24.596,3504
1.787,24.596,3505
1.789,24.633,3506
1.785,24.542,3507
1.785,24.535,3508
1.788,24.604,3509
1.789,24.644,3510
1.779,24.379,3511
1.788,24.615,3512
1.788,24.615,3513
1.784,24.513,3514
1.783,24.473,3515
1.783,24.466,3516
1.782,24.455,3517
1.783,24.466,3518
1.788,24.629,3519
1.779,24.364,3520
1.775,24.259,3521
1.789,24.636,3522
1.779,24.371,3523
1.779,24.364,3524
1.784,24.520,3525
1.776,24.277,3526
1.788,24.622,3527
1.789,24.647,3528
1.781,24.415,3529
1.786,24.556,3530
1.779,24.364,3531
1.783,24.487,3532
1.779,24.379,3533
1.782,24.455,3534
1.776,24.288,3535
1.772,24.169,3536
1.775,24.270,3537
1.783,24.473,3538
1.771,24.162,3539
1.784,24.516,3540
1.779,24.361,3541
1.780,24.404,3542
1.772,24.184,3543
1.771,24.162,3544
1.770,24.126,3545
1.768,24.076,3546
1.770,24.119,3547
1.774,24.231,3548
1.770,24.115,3549
1.777,24.306,3550
1.773,24.194,3551
1.778,24.350,3552
1.770,24.137,3553
1.765,23.989,3554
1.769,24.097,3555
1.765,23.986,3556
1.765,23.997,3557
1.771,24.158,3558
1.769,24.090,3559
1.760,23.850,3560
1.762,23.896,3561
1.768,24.058,3562
1.762,23.907,3563
1.764,23.971,3564
1.759,23.817,3565
1.765,23.993,3566
1.766,24.004,3567
1.762,23.918,3568
1.763,23.946,3569
1.762,23.914,3570
1.770,24.112,3571
1.766,24.018,3572
1.766,24.022,3573
1.773,24.216,3574
1.762,23.910,3575
1.764,23.950,3576
1.770,24.137,3577
1.762,23.900,3578
1.756,23.746,3579
1.758,23.789,3580
1.763,23.936,3581
1.761,23.889,3582
1.761,23.871,3583
1.765,23.997,3584
1.767,24.043,3585
1.774,24.227,3586
1.764,23.964,3587
1.759,23.817,3588
1.762,23.896,3589
1.758,23.789,3590
1.754,23.696,3591
1.748,23.539,3592
1.759,23.824,3593
1.761,23.871,3594
1.748,23.518,3595
1.749,23.550,3596
1.742,23.376,3597
1.750,23.589,3598
1.752,23.625,3599
1.752,23.632,3600
1.751,23.614,3601
1.749,23.543,3602
1.749,23.564,3603
1.742,23.354,3604
1.740,23.316,3605
1.737,23.224,3606
1.745,23.440,3607
1.742,23.354,3608
1.738,23.262,3609
1.730,23.054,3610
1.731,23.061,3611
1.739,23.298,3612
1.733,23.135,3613
1.728,23.002,3614
1.735,23.167,3615
1.736,23.199,3616
1.736,23.202,3617
1.738,23.259,3618
1.739,23.294,3619
1.731,23.075,3620
1.727,22.966,3621
1.735,23.178,3622
1.732,23.100,3623
1.735,23.178,3624
1.724,22.893,3625
1.737,23.245,3626
1.737,23.227,3627
1.737,23.227,3628
1.730,23.044,3629
1.738,23.270,3630
1.743,23.390,3631
1.733,23.132,3632
1.730,23.047,3633
1.736,23.213,3634
1.741,23.330,3635
1.735,23.185,3636
1.729,23.009,3637
1.733,23.118,3638
1.730,23.047,3639
1.733,23.128,3640
1.725,22.924,3641
1.736,23.195,3642
1.727,22.966,3643
1.736,23.199,3644
1.736,23.213,3645
1.733,23.121,3646
1.747,23.500,3647
1.738,23.259,3648
1.732,23.111,3649
1.735,23.167,3650
1.727,22.973,3651
1.724,22.875,3652
1.726,22.942,3653
1.724,22.875,3654
1.724,22.875,3655
1.732,23.086,3656
1.733,23.128,3657
1.728,22.987,3658
1.728,23.005,3659
1.728,23.005,3660
1.732,23.107,3661
1.730,23.040,3662
1.736,23.202,3663
1.733,23.135,3664
1.744,23.411,3665
1.748,23.539,3666
1.732,23.097,3667
1.738,23.259,3668
1.737,23.224,3669
1.732,23.086,3670
1.736,23.202,3671
1.732,23.111,3672
1.728,23.002,3673
1.735,23.174,3674
1.738,23.248,3675
1.732,23.111,3676
1.731,23.082,3677
1.731,23.079,3678
1.735,23.171,3679
1.723,22.851,3680
1.719,22.756,3681
1.731,23.068,3682
1.723,22.858,3683
1.724,22.886,3684
1.727,22.977,3685
1.728,22.984,3686
1.722,22.826,3687
1.724,22.875,3688
1.725,22.903,3689
1.719,22.753,3690
1.721,22.816,3691
1.729,23.030,3692
1.723,22.865,3693
1.728,22.987,3694
1.733,23.132,3695
1.726,22.942,3696
1.723,22.872,3697
1.726,22.935,3698
1.722,22.826,3699
1.722,22.837,3700
1.729,23.009,3701
1.720,22.791,3702
1.719,22.756,3703
1.716,22.672,3704
1.720,22.791,3705
1.718,22.735,3706
1.719,22.742,3707
1.713,22.582,3708
1.719,22.753,3709
1.713,22.599,3710
1.718,22.739,3711
1.710,22.519,3712
1.700,22.241,3713
1.714,22.609,3714
1.713,22.606,3715
1.710,22.522,3716
1.709,22.484,3717
1.709,22.498,3718
1.713,22.592,3719
1.716,22.669,3720
1.707,22.442,3721
1.707,22.435,3722
1.708,22.470,3723
1.710,22.508,3724
1.699,22.217,3725
1.713,22.592,3726
1.711,22.543,3727
1.714,22.623,3728
1.702,22.318,3729
1.714,22.616,3730
1.699,22.217,3731
1.708,22.474,3732
1.710,22.515,3733
1.712,22.578,3734
1.701,22.286,3735
1.704,22.356,3736
1.707,22.432,3737
1.695,22.124,3738
1.696,22.148,3739
1.701,22.279,3740
1.697,22.183,3741
1.695,22.128,3742
1.699,22.214,3743
1.703,22.324,3744
1.701,22.283,3745
1.687,21.907,3746
1.689,21.966,3747
1.689,21.955,3748
1.691,22.028,3749
1.700,22.266,3750
1.689,21.969,3751
1.689,21.962,3752
1.697,22.183,3753
1.689,21.976,3754
1.693,22.059,3755
1.686,21.883,3756
1.685,21.859,3757
1.692,22.031,3758
1.701,22.279,3759
1.697,22.176,3760
1.685,21.859,3761
1.684,21.825,3762
1.685,21.873,3763
1.690,22.000,3764
1.688,21.942,3765
1.677,21.654,3766
1.686,21.894,3767
1.677,21.661,3768
1.681,21.750,3769
1.680,21.729,3770
1.677,21.664,3771
1.682,21.781,3772
1.680,21.722,3773
1.676,21.630,3774
1.677,21.644,3775
1.679,21.695,3776
1.671,21.491,3777
1.666,21.362,3778
1.670,21.481,3779
1.672,21.515,3780
1.676,21.634,3781
1.674,21.576,3782
1.678,21.681,3783
1.685,21.859,3784
1.676,21.620,3785
1.683,21.801,3786
1.672,21.525,3787
1.681,21.763,3788
1.676,21.617,3789
1.682,21.777,3790
1.682,21.777,3791
1.681,21.753,3792
1.679,21.719,3793
1.680,21.736,3794
1.680,21.733,3795
1.688,21.931,3796
1.682,21.791,3797
1.684,21.846,3798
1.677,21.647,3799
1.672,21.538,3800
1.677,21.651,3801
1.670,21.484,3802
1.677,21.644,3803
1.674,21.569,3804
1.675,21.603,3805
1.674,21.566,3806
1.666,21.362,3807
1.669,21.443,3808
1.671,21.498,3809
1.674,21.579,3810
1.674,21.586,3811
1.674,21.576,3812
1.671,21.498,3813
1.672,21.521,3814
1.679,21.695,3815
1.672,21.518,3816
1.674,21.572,3817
1.668,21.413,3818
1.669,21.443,3819
1.680,21.722,3820
1.671,21.498,3821
1.668,21.419,3822
1.675,21.613,3823
1.669,21.460,3824
1.670,21.477,3825
1.664,21.321,3826
1.671,21.511,3827
1.669,21.440,3828
1.667,21.399,3829
1.667,21.385,3830
1.661,21.253,3831
1.662,21.274,3832
1.657,21.135,3833
1.655,21.081,3834
1.659,21.186,3835
1.653,21.051,3836
1.661,21.240,3837
1.661,21.250,3838
1.658,21.179,3839
1.661,21.233,3840
1.657,21.135,3841
1.658,21.162,3842
1.657,21.152,3843
1.664,21.311,3844
1.651,20.994,3845
1.647,20.880,3846
1.656,21.115,3847
1.649,20.930,3848
1.641,20.723,3849
1.647,20.897,3850
1.656,21.129,3851
1.654,21.068,3852
1.653,21.041,3853
1.654,21.071,3854
1.646,20.863,3855
1.651,20.997,3856
1.638,20.663,3857
1.642,20.756,3858
1.635,20.593,3859
1.639,20.673,3860
1.636,20.613,3861
1.637,20.643,3862
1.639,20.676,3863
1.637,20.623,3864
1.633,20.530,3865
1.632,20.500,3866
1.631,20.473,3867
1.632,20.506,3868
1.629,20.440,3869
1.628,20.417,3870
1.628,20.397,3871
1.636,20.613,3872
1.623,20.278,3873
1.627,20.381,3874
1.634,20.560,3875
1.623,20.275,3876
1.628,20.407,3877
1.633,20.526,3878
1.637,20.636,3879
1.637,20.623,3880
1.628,20.400,3881
1.633,20.540,3882
1.627,20.377,3883
1.628,20.404,3884
1.626,20.357,3885
1.632,20.520,3886
1.623,20.285,3887
1.620,20.219,3888
1.622,20.255,3889
1.631,20.483,3890
1.618,20.166,3891
1.615,20.080,3892
1.623,20.285,3893
1.613,20.044,3894
1.610,19.959,3895
1.616,20.110,3896
1.613,20.028,3897
1.608,19.917,3898
