ColumnaX,ColumnaZ,ColumnaY
2.121,34.651,1
2.133,35.023,2
2.121,34.625,3
2.111,34.298,4
2.119,34.573,5
2.112,34.362,6
2.096,33.831,7
2.103,34.054,8
2.100,33.972,9
2.083,33.406,10
2.099,33.938,11
2.007,31.006,12
2.007,31.031,13
2.000,30.811,14
2.027,31.642,15
2.025,31.572,16
2.022,31.473,17
2.002,30.864,18
2.005,30.961,19
2.063,32.778,20
2.032,31.799,21
2.034,31.845,22
2.090,33.627,23
2.087,33.538,24
2.090,33.640,25
2.086,33.504,26
2.085,33.466,27
2.089,33.610,28
2.093,33.746,29
2.087,33.534,30
2.084,33.428,31
2.085,33.466,32
2.076,33.182,33
2.081,33.347,34
2.087,33.529,35
2.086,33.495,36
2.084,33.440,37
2.078,33.237,38
2.077,33.203,39
2.081,33.339,40
2.068,32.934,41
2.085,33.474,42
2.066,32.875,43
2.058,32.619,44
2.064,32.803,45
2.072,33.060,46
2.071,33.018,47
2.070,32.992,48
2.071,33.018,49
2.076,33.174,50
2.075,33.144,51
2.065,32.849,52
2.069,32.955,53
2.076,33.182,54
2.071,33.030,55
2.062,32.744,56
2.060,32.686,57
2.063,32.761,58
2.063,32.757,59
2.082,33.385,60
2.071,33.018,61
2.065,32.841,62
2.067,32.887,63
2.056,32.548,64
2.066,32.858,65
2.066,32.866,66
2.076,33.191,67
2.079,33.296,68
2.072,33.051,69
2.070,33.005,70
2.064,32.795,71
2.074,33.123,72
2.070,32.980,73
2.065,32.841,74
2.063,32.770,75
2.069,32.955,76
2.063,32.774,77
2.075,33.165,78
2.070,32.984,79
2.068,32.917,80
2.064,32.812,81
2.064,32.791,82
2.069,32.967,83
2.073,33.081,84
2.073,33.102,85
2.071,33.013,86
2.078,33.246,87
2.084,33.453,88
2.074,33.136,89
2.083,33.406,90
2.078,33.263,91
2.077,33.203,92
2.078,33.250,93
2.083,33.398,94
2.079,33.271,95
2.070,32.980,96
2.083,33.423,97
2.084,33.428,98
2.086,33.521,99
2.081,33.343,100
2.080,33.326,101
2.084,33.440,102
2.074,33.127,103
2.077,33.229,104
2.071,33.013,105
2.076,33.178,106
2.070,33.001,107
2.072,33.068,108
2.069,32.959,109
2.073,33.081,110
2.072,33.056,111
2.074,33.110,112
2.069,32.946,113
2.071,33.022,114
2.064,32.799,115
2.071,33.035,116
2.068,32.938,117
2.070,33.001,118
2.066,32.866,119
2.067,32.908,120
2.071,33.022,121
2.067,32.891,122
2.066,32.858,123
2.070,32.997,124
2.068,32.942,125
2.070,32.980,126
2.071,33.026,127
2.073,33.094,128
2.078,33.250,129
2.078,33.246,130
2.077,33.229,131
2.071,33.018,132
2.076,33.174,133
2.063,32.774,134
2.074,33.123,135
2.075,33.157,136
2.076,33.199,137
2.074,33.136,138
2.083,33.406,139
2.069,32.971,140
2.082,33.385,141
2.075,33.165,142
2.071,33.013,143
2.075,33.165,144
2.070,32.980,145
2.070,33.005,146
2.074,33.132,147
2.075,33.148,148
2.069,32.971,149
2.070,32.992,150
2.070,32.980,151
2.072,33.051,152
2.077,33.224,153
2.064,32.807,154
2.075,33.148,155
2.077,33.220,156
2.071,33.018,157
2.073,33.085,158
2.063,32.786,159
2.082,33.381,160
2.076,33.195,161
2.066,32.866,162
2.070,32.988,163
2.065,32.828,164
2.073,33.098,165
2.072,33.072,166
2.064,32.812,167
2.074,33.127,168
2.060,32.677,169
2.072,33.047,170
2.069,32.946,171
2.068,32.917,172
2.055,32.527,173
2.069,32.967,174
2.069,32.950,175
2.060,32.677,176
2.064,32.812,177
2.071,33.018,178
2.073,33.081,179
2.069,32.976,180
2.058,32.619,181
2.065,32.820,182
2.070,32.988,183
2.071,33.026,184
2.057,32.594,185
2.056,32.548,186
2.064,32.803,187
2.059,32.652,188
2.062,32.749,189
2.058,32.627,190
2.056,32.556,191
2.052,32.426,192
2.056,32.548,193
2.051,32.385,194
2.040,32.031,195
2.042,32.114,196
2.044,32.185,197
2.043,32.135,198
2.041,32.073,199
2.040,32.056,200
2.047,32.268,201
2.038,31.990,202
2.042,32.118,203
2.042,32.097,204
2.038,31.969,205
2.046,32.239,206
2.042,32.118,207
2.047,32.260,208
2.041,32.073,209
2.040,32.035,210
2.040,32.031,211
2.040,32.052,212
2.044,32.172,213
2.036,31.919,214
2.037,31.952,215
2.041,32.077,216
2.041,32.081,217
2.038,31.981,218
2.038,31.981,219
2.041,32.060,220
2.039,32.027,221
2.030,31.733,222
2.040,32.039,223
2.030,31.737,224
2.040,32.048,225
2.035,31.890,226
2.030,31.745,227
2.039,32.014,228
2.037,31.940,229
2.038,31.990,230
2.045,32.189,231
2.045,32.206,232
2.029,31.696,233
2.035,31.882,234
2.034,31.857,235
2.040,32.052,236
2.042,32.114,237
2.039,32.002,238
2.050,32.360,239
2.047,32.251,240
2.039,32.023,241
2.056,32.556,242
2.047,32.260,243
2.057,32.568,244
2.053,32.451,245
2.056,32.564,246
2.054,32.493,247
2.048,32.293,248
2.054,32.481,249
2.066,32.875,250
2.061,32.703,251
2.067,32.900,252
2.064,32.803,253
2.062,32.740,254
2.071,33.013,255
2.059,32.644,256
2.056,32.560,257
2.049,32.335,258
2.057,32.589,259
2.060,32.690,260
2.062,32.740,261
2.062,32.732,262
2.058,32.598,263
2.060,32.673,264
2.061,32.715,265
2.062,32.732,266
2.056,32.548,267
2.059,32.640,268
2.062,32.744,269
2.057,32.589,270
2.050,32.347,271
2.055,32.527,272
2.048,32.280,273
2.057,32.581,274
2.054,32.497,275
2.065,32.833,276
2.066,32.875,277
2.057,32.594,278
2.063,32.765,279
2.060,32.677,280
2.056,32.535,281
2.058,32.615,282
2.052,32.418,283
2.070,33.009,284
2.066,32.875,285
2.061,32.719,286
2.060,32.682,287
2.051,32.381,288
2.057,32.585,289
2.056,32.543,290
2.060,32.661,291
2.066,32.862,292
2.057,32.594,293
2.046,32.235,294
2.052,32.435,295
2.052,32.410,296
2.052,32.426,297
2.046,32.230,298
2.048,32.285,299
2.060,32.669,300
2.059,32.644,301
2.047,32.255,302
2.050,32.368,303
2.045,32.197,304
2.053,32.468,305
2.059,32.648,306
2.060,32.661,307
2.060,32.673,308
2.068,32.933,309
2.064,32.795,310
2.066,32.870,311
2.063,32.761,312
2.054,32.493,313
2.053,32.447,314
2.070,33.005,315
2.057,32.577,316
2.059,32.635,317
2.057,32.581,318
2.059,32.652,319
2.050,32.351,320
2.047,32.276,321
2.051,32.376,322
2.049,32.335,323
2.046,32.243,324
2.033,31.811,325
2.034,31.861,326
2.042,32.093,327
2.040,32.043,328
2.035,31.882,329
2.043,32.147,330
2.053,32.443,331
2.053,32.468,332
2.052,32.435,333
2.042,32.110,334
2.056,32.548,335
2.045,32.210,336
2.046,32.239,337
2.046,32.226,338
2.038,31.977,339
2.034,31.853,340
2.041,32.077,341
2.036,31.907,342
2.038,31.969,343
2.043,32.151,344
2.041,32.085,345
2.041,32.068,346
2.030,31.745,347
2.040,32.031,348
2.039,32.014,349
2.032,31.791,350
2.031,31.770,351
2.030,31.737,352
2.030,31.737,353
2.031,31.750,354
2.023,31.519,355
2.032,31.807,356
2.032,31.787,357
2.034,31.861,358
2.024,31.556,359
2.031,31.750,360
2.028,31.659,361
2.030,31.721,362
2.020,31.424,363
2.023,31.502,364
2.031,31.754,365
2.020,31.428,366
2.026,31.593,367
2.025,31.580,368
2.021,31.440,369
2.025,31.572,370
2.038,31.977,371
2.034,31.869,372
2.031,31.750,373
2.034,31.840,374
2.038,31.985,375
2.029,31.700,376
2.025,31.572,377
2.032,31.783,378
2.042,32.122,379
2.040,32.056,380
2.034,31.853,381
2.041,32.060,382
2.039,31.998,383
2.040,32.039,384
2.043,32.131,385
2.041,32.073,386
2.039,32.014,387
2.028,31.659,388
2.036,31.915,389
2.048,32.310,390
2.038,31.977,391
2.030,31.729,392
2.037,31.940,393
2.032,31.791,394
2.032,31.795,395
2.036,31.907,396
2.032,31.803,397
2.037,31.952,398
2.034,31.853,399
2.039,32.023,400
2.041,32.060,401
2.040,32.039,402
2.042,32.097,403
2.046,32.218,404
2.040,32.031,405
2.044,32.172,406
2.037,31.961,407
2.050,32.364,408
2.039,32.027,409
2.047,32.251,410
2.051,32.381,411
2.045,32.193,412
2.048,32.297,413
2.044,32.181,414
2.049,32.330,415
2.042,32.122,416
2.036,31.907,417
2.036,31.927,418
2.036,31.919,419
2.035,31.903,420
2.032,31.799,421
2.038,31.977,422
2.042,32.102,423
2.042,32.114,424
2.046,32.247,425
2.039,32.002,426
2.039,31.998,427
2.048,32.297,428
2.039,32.014,429
2.048,32.280,430
2.030,31.745,431
2.040,32.056,432
2.030,31.741,433
2.039,32.010,434
2.035,31.894,435
2.035,31.894,436
2.041,32.089,437
2.026,31.609,438
2.034,31.853,439
2.036,31.915,440
2.034,31.840,441
2.020,31.416,442
2.020,31.428,443
2.026,31.622,444
2.025,31.584,445
2.035,31.890,446
2.038,31.990,447
2.040,32.035,448
2.042,32.102,449
2.040,32.031,450
2.036,31.907,451
2.036,31.932,452
2.035,31.886,453
2.039,32.006,454
2.031,31.770,455
2.041,32.068,456
2.034,31.840,457
2.029,31.688,458
2.025,31.589,459
2.029,31.688,460
2.017,31.334,461
2.023,31.519,462
2.017,31.334,463
2.035,31.894,464
2.024,31.539,465
2.028,31.655,466
2.040,32.039,467
2.036,31.927,468
2.039,32.006,469
2.038,31.994,470
2.039,31.998,471
2.038,31.977,472
2.033,31.828,473
2.022,31.490,474
2.030,31.725,475
2.026,31.601,476
2.033,31.832,477
2.029,31.688,478
2.032,31.799,479
2.032,31.783,480
2.033,31.824,481
2.037,31.936,482
2.035,31.890,483
2.031,31.770,484
2.034,31.849,485
2.033,31.828,486
2.025,31.589,487
2.037,31.952,488
2.046,32.239,489
2.045,32.197,490
2.031,31.770,491
2.036,31.919,492
2.041,32.089,493
2.047,32.268,494
2.047,32.272,495
2.050,32.347,496
2.042,32.122,497
2.039,32.014,498
2.048,32.289,499
2.051,32.385,500
2.036,31.927,501
2.044,32.185,502
2.043,32.143,503
2.044,32.181,504
2.045,32.193,505
2.049,32.314,506
2.052,32.431,507
2.039,32.019,508
2.045,32.189,509
2.041,32.073,510
2.037,31.940,511
2.030,31.737,512
2.044,32.176,513
2.041,32.073,514
2.035,31.894,515
2.030,31.733,516
2.039,32.002,517
2.033,31.828,518
2.038,31.969,519
2.032,31.787,520
2.044,32.168,521
2.050,32.364,522
2.043,32.131,523
2.042,32.122,524
2.054,32.497,525
2.041,32.085,526
2.042,32.122,527
2.042,32.110,528
2.053,32.468,529
2.056,32.543,530
2.063,32.765,531
2.065,32.828,532
2.047,32.260,533
2.054,32.497,534
2.053,32.464,535
2.045,32.206,536
2.054,32.489,537
2.056,32.548,538
2.053,32.464,539
2.059,32.644,540
2.051,32.376,541
2.058,32.627,542
2.053,32.468,543
2.058,32.598,544
2.060,32.686,545
2.068,32.921,546
2.070,32.980,547
2.063,32.761,548
2.074,33.115,549
2.065,32.845,550
2.066,32.866,551
2.064,32.791,552
2.059,32.635,553
2.065,32.841,554
2.065,32.833,555
2.064,32.795,556
2.066,32.875,557
2.067,32.883,558
2.065,32.833,559
2.069,32.946,560
2.059,32.640,561
2.054,32.472,562
2.063,32.774,563
2.060,32.677,564
2.058,32.623,565
2.056,32.535,566
2.055,32.514,567
2.056,32.560,568
2.056,32.556,569
2.050,32.355,570
2.063,32.765,571
2.049,32.343,572
2.056,32.552,573
2.054,32.497,574
2.052,32.422,575
2.049,32.339,576
2.054,32.497,577
2.063,32.757,578
2.053,32.443,579
2.060,32.669,580
2.057,32.585,581
2.065,32.849,582
2.063,32.774,583
2.058,32.602,584
2.064,32.795,585
2.057,32.589,586
2.059,32.635,587
2.061,32.715,588
2.059,32.644,589
2.063,32.786,590
2.062,32.753,591
2.062,32.736,592
2.067,32.908,593
2.047,32.255,594
2.054,32.489,595
2.049,32.335,596
2.061,32.703,597
2.047,32.272,598
2.041,32.081,599
2.039,32.006,600
2.045,32.197,601
2.037,31.961,602
2.036,31.915,603
2.046,32.226,604
2.047,32.260,605
2.049,32.330,606
2.047,32.276,607
2.051,32.393,608
2.048,32.285,609
2.042,32.097,610
2.033,31.832,611
2.042,32.114,612
2.031,31.770,613
2.035,31.874,614
2.040,32.056,615
2.036,31.932,616
2.032,31.783,617
2.037,31.936,618
2.034,31.840,619
2.034,31.869,620
2.024,31.556,621
2.031,31.762,622
2.033,31.832,623
2.040,32.052,624
2.039,31.998,625
2.040,32.043,626
2.040,32.039,627
2.047,32.276,628
2.036,31.911,629
2.034,31.857,630
2.036,31.923,631
2.041,32.085,632
2.038,31.990,633
2.034,31.840,634
2.035,31.874,635
2.034,31.840,636
2.037,31.961,637
2.035,31.903,638
2.031,31.774,639
2.029,31.708,640
2.038,31.977,641
2.029,31.700,642
2.035,31.878,643
2.025,31.585,644
2.040,32.043,645
2.019,31.403,646
2.027,31.642,647
2.021,31.453,648
2.024,31.552,649
2.021,31.440,650
2.021,31.449,651
2.014,31.223,652
2.028,31.683,653
2.024,31.539,654
2.019,31.403,655
2.010,31.096,656
2.013,31.207,657
2.015,31.256,658
2.009,31.092,659
2.017,31.313,660
2.011,31.153,661
2.002,30.872,662
2.009,31.080,663
2.011,31.137,664
2.005,30.970,665
2.017,31.334,666
2.010,31.112,667
2.022,31.469,668
2.031,31.770,669
2.030,31.741,670
2.022,31.486,671
2.025,31.564,672
2.038,31.994,673
2.028,31.679,674
2.039,31.998,675
2.032,31.791,676
2.036,31.915,677
2.036,31.907,678
2.042,32.097,679
2.039,32.006,680
2.049,32.335,681
2.035,31.898,682
2.048,32.293,683
2.042,32.097,684
2.037,31.948,685
2.035,31.890,686
2.041,32.073,687
2.039,32.023,688
2.043,32.127,689
2.048,32.289,690
2.054,32.493,691
2.043,32.139,692
2.050,32.368,693
2.046,32.222,694
2.040,32.039,695
2.052,32.426,696
2.046,32.243,697
2.047,32.260,698
2.053,32.451,699
2.049,32.318,700
2.051,32.401,701
2.051,32.389,702
2.045,32.206,703
2.047,32.264,704
2.046,32.243,705
2.044,32.168,706
2.044,32.176,707
2.049,32.339,708
2.045,32.197,709
2.050,32.360,710
2.052,32.431,711
2.053,32.460,712
2.038,31.985,713
2.057,32.569,714
2.060,32.661,715
2.054,32.497,716
2.059,32.644,717
2.056,32.560,718
2.054,32.476,719
2.060,32.661,720
2.061,32.698,721
2.051,32.389,722
2.054,32.489,723
2.052,32.410,724
2.050,32.360,725
2.049,32.335,726
2.048,32.289,727
2.044,32.168,728
2.054,32.493,729
2.039,31.998,730
2.044,32.160,731
2.050,32.360,732
2.039,32.010,733
2.052,32.422,734
2.039,32.010,735
2.032,31.799,736
2.032,31.795,737
2.032,31.807,738
2.029,31.704,739
2.032,31.795,740
2.033,31.832,741
2.036,31.915,742
2.048,32.285,743
2.051,32.393,744
2.041,32.068,745
2.037,31.965,746
2.045,32.206,747
2.042,32.097,748
2.029,31.704,749
2.040,32.056,750
2.032,31.803,751
2.028,31.659,752
2.030,31.721,753
2.039,32.027,754
2.045,32.201,755
2.048,32.297,756
2.039,32.019,757
2.036,31.923,758
2.038,31.973,759
2.046,32.247,760
2.035,31.898,761
2.048,32.305,762
2.047,32.276,763
2.052,32.418,764
2.042,32.118,765
2.048,32.285,766
2.044,32.168,767
2.054,32.472,768
2.049,32.335,769
2.056,32.552,770
2.045,32.210,771
2.048,32.293,772
2.042,32.122,773
2.047,32.276,774
2.052,32.431,775
2.053,32.443,776
2.044,32.172,777
2.039,32.002,778
2.042,32.102,779
2.045,32.197,780
2.033,31.836,781
2.042,32.102,782
2.037,31.940,783
2.040,32.056,784
2.034,31.853,785
2.039,32.002,786
2.044,32.176,787
2.042,32.097,788
2.034,31.853,789
2.030,31.716,790
2.036,31.907,791
2.039,32.014,792
2.030,31.733,793
2.027,31.646,794
2.024,31.547,795
2.036,31.915,796
2.033,31.832,797
2.040,32.056,798
2.041,32.085,799
2.041,32.064,800
2.047,32.268,801
2.048,32.289,802
2.053,32.443,803
2.044,32.156,804
2.049,32.330,805
2.042,32.118,806
2.051,32.401,807
2.045,32.206,808
2.044,32.176,809
2.053,32.468,810
2.044,32.172,811
2.053,32.439,812
2.045,32.214,813
2.043,32.139,814
2.039,32.019,815
2.036,31.923,816
2.056,32.535,817
2.052,32.414,818
2.043,32.143,819
2.035,31.903,820
2.038,31.969,821
2.029,31.692,822
2.025,31.560,823
2.037,31.944,824
2.041,32.064,825
2.035,31.886,826
2.025,31.576,827
2.033,31.832,828
2.028,31.671,829
2.029,31.696,830
2.027,31.642,831
2.036,31.927,832
2.029,31.712,833
2.035,31.890,834
2.038,31.969,835
2.042,32.110,836
2.025,31.584,837
2.037,31.961,838
2.047,32.251,839
2.045,32.189,840
2.046,32.222,841
2.038,31.969,842
2.031,31.754,843
2.041,32.081,844
2.044,32.176,845
2.048,32.293,846
2.046,32.230,847
2.034,31.853,848
2.048,32.305,849
2.047,32.260,850
2.038,31.985,851
2.051,32.376,852
2.043,32.139,853
2.048,32.297,854
2.048,32.293,855
2.048,32.280,856
2.047,32.276,857
2.050,32.347,858
2.049,32.343,859
2.050,32.372,860
2.054,32.485,861
2.046,32.243,862
2.053,32.447,863
2.055,32.506,864
2.044,32.185,865
2.041,32.081,866
2.035,31.882,867
2.042,32.114,868
2.046,32.247,869
2.050,32.355,870
2.042,32.122,871
2.043,32.143,872
2.039,31.998,873
2.028,31.663,874
2.029,31.692,875
2.047,32.260,876
2.041,32.064,877
2.032,31.778,878
2.034,31.865,879
2.028,31.679,880
2.032,31.807,881
2.026,31.605,882
2.022,31.469,883
2.026,31.622,884
2.012,31.186,885
2.012,31.157,886
2.016,31.289,887
2.010,31.117,888
2.004,30.921,889
2.008,31.055,890
2.005,30.953,891
2.019,31.391,892
2.003,30.880,893
2.009,31.072,894
2.009,31.072,895
2.010,31.117,896
2.013,31.190,897
2.004,30.933,898
2.010,31.100,899
2.007,31.014,900
2.017,31.334,901
2.021,31.440,902
2.018,31.354,903
2.023,31.514,904
2.016,31.305,905
2.012,31.186,906
2.016,31.280,907
2.017,31.330,908
2.008,31.039,909
2.015,31.256,910
2.004,30.908,911
2.005,30.953,912
2.012,31.186,913
2.007,31.023,914
1.996,30.668,915
2.004,30.937,916
1.997,30.709,917
2.014,31.235,918
2.005,30.965,919
1.994,30.628,920
2.009,31.088,921
1.998,30.750,922
1.998,30.729,923
1.993,30.591,924
1.992,30.567,925
1.999,30.762,926
2.002,30.855,927
2.004,30.925,928
2.004,30.908,929
2.007,31.014,930
1.999,30.758,931
1.998,30.725,932
2.010,31.100,933
2.011,31.149,934
2.020,31.412,935
2.012,31.174,936
2.014,31.239,937
2.020,31.420,938
2.017,31.338,939
2.018,31.362,940
2.019,31.403,941
2.012,31.186,942
2.016,31.280,943
2.007,31.010,944
2.021,31.461,945
2.009,31.084,946
2.013,31.202,947
2.015,31.272,948
2.017,31.338,949
2.029,31.712,950
2.020,31.420,951
2.013,31.202,952
2.021,31.445,953
2.015,31.268,954
2.021,31.461,955
2.029,31.708,956
2.025,31.589,957
2.013,31.215,958
2.021,31.465,959
2.021,31.436,960
2.023,31.506,961
2.021,31.461,962
2.021,31.461,963
2.027,31.638,964
2.020,31.424,965
2.028,31.679,966
2.026,31.609,967
2.030,31.721,968
2.029,31.712,969
2.028,31.675,970
2.023,31.523,971
2.028,31.675,972
2.024,31.535,973
2.020,31.428,974
2.022,31.477,975
2.022,31.486,976
2.017,31.317,977
2.029,31.688,978
2.020,31.408,979
2.022,31.490,980
2.013,31.202,981
2.017,31.330,982
2.019,31.399,983
2.012,31.170,984
2.020,31.412,985
2.013,31.194,986
2.016,31.305,987
2.013,31.215,988
2.009,31.084,989
2.019,31.399,990
2.011,31.153,991
2.015,31.276,992
2.013,31.194,993
2.012,31.166,994
2.017,31.334,995
2.011,31.145,996
2.015,31.272,997
2.012,31.166,998
2.005,30.949,999
2.017,31.325,1000
2.020,31.432,1001
2.016,31.293,1002
2.019,31.387,1003
2.024,31.543,1004
2.012,31.166,1005
2.025,31.585,1006
2.020,31.424,1007
2.006,30.978,1008
2.013,31.211,1009
2.019,31.379,1010
2.017,31.321,1011
2.021,31.440,1012
2.022,31.486,1013
2.017,31.330,1014
2.022,31.469,1015
2.026,31.593,1016
2.023,31.527,1017
2.012,31.162,1018
2.011,31.125,1019
2.012,31.174,1020
2.022,31.486,1021
2.017,31.338,1022
2.014,31.223,1023
2.014,31.235,1024
2.013,31.202,1025
2.009,31.072,1026
2.009,31.088,1027
2.006,30.986,1028
2.008,31.039,1029
2.011,31.153,1030
2.012,31.170,1031
2.013,31.190,1032
2.001,30.843,1033
1.996,30.681,1034
2.013,31.194,1035
2.003,30.892,1036
2.007,31.010,1037
1.998,30.746,1038
2.010,31.121,1039
2.009,31.072,1040
2.017,31.325,1041
2.019,31.395,1042
2.011,31.153,1043
2.008,31.059,1044
2.007,31.006,1045
2.017,31.325,1046
2.008,31.059,1047
2.014,31.243,1048
2.013,31.207,1049
2.008,31.043,1050
2.010,31.112,1051
2.015,31.264,1052
2.014,31.243,1053
2.033,31.816,1054
2.023,31.523,1055
2.033,31.824,1056
2.025,31.576,1057
2.028,31.671,1058
2.028,31.667,1059
2.025,31.572,1060
2.034,31.869,1061
2.025,31.580,1062
2.034,31.861,1063
2.048,32.310,1064
2.044,32.164,1065
2.037,31.952,1066
2.041,32.068,1067
2.026,31.593,1068
2.042,32.114,1069
2.033,31.820,1070
2.035,31.882,1071
2.027,31.646,1072
2.037,31.940,1073
2.022,31.494,1074
2.022,31.494,1075
2.028,31.679,1076
2.026,31.605,1077
2.017,31.313,1078
2.022,31.490,1079
2.021,31.445,1080
2.023,31.506,1081
2.021,31.449,1082
2.026,31.609,1083
2.029,31.700,1084
2.025,31.576,1085
2.011,31.137,1086
2.016,31.309,1087
2.018,31.358,1088
2.010,31.112,1089
2.015,31.256,1090
2.020,31.412,1091
2.023,31.527,1092
2.021,31.445,1093
2.008,31.035,1094
2.016,31.309,1095
2.013,31.207,1096
2.006,30.990,1097
2.006,30.994,1098
2.009,31.080,1099
2.015,31.272,1100
2.002,30.868,1101
1.997,30.701,1102
2.010,31.104,1103
2.007,31.014,1104
2.003,30.896,1105
2.012,31.162,1106
2.015,31.264,1107
2.011,31.137,1108
2.014,31.219,1109
2.003,30.880,1110
2.012,31.186,1111
2.008,31.055,1112
2.018,31.354,1113
2.021,31.457,1114
2.025,31.572,1115
2.018,31.366,1116
2.027,31.626,1117
2.026,31.617,1118
2.024,31.556,1119
2.016,31.293,1120
2.021,31.445,1121
2.024,31.552,1122
2.025,31.584,1123
2.028,31.663,1124
2.018,31.354,1125
2.020,31.420,1126
2.032,31.778,1127
2.025,31.560,1128
2.024,31.531,1129
2.020,31.412,1130
2.034,31.849,1131
2.026,31.597,1132
2.016,31.297,1133
2.020,31.420,1134
2.024,31.556,1135
2.020,31.432,1136
2.020,31.412,1137
2.028,31.679,1138
2.032,31.778,1139
2.032,31.799,1140
2.034,31.853,1141
2.037,31.961,1142
2.032,31.787,1143
2.039,32.019,1144
2.031,31.750,1145
2.039,32.010,1146
2.033,31.816,1147
2.028,31.671,1148
2.027,31.646,1149
2.028,31.663,1150
2.022,31.494,1151
2.020,31.420,1152
2.037,31.936,1153
2.029,31.696,1154
2.023,31.519,1155
2.022,31.477,1156
2.015,31.276,1157
2.021,31.436,1158
2.016,31.305,1159
2.019,31.391,1160
2.022,31.494,1161
2.020,31.428,1162
2.024,31.531,1163
2.019,31.387,1164
2.021,31.440,1165
2.030,31.725,1166
2.024,31.531,1167
2.023,31.502,1168
2.011,31.153,1169
2.019,31.383,1170
2.014,31.227,1171
2.017,31.325,1172
2.030,31.729,1173
2.017,31.325,1174
2.023,31.498,1175
2.034,31.849,1176
2.031,31.770,1177
2.025,31.584,1178
2.030,31.745,1179
2.025,31.568,1180
2.041,32.085,1181
2.030,31.729,1182
2.035,31.878,1183
2.033,31.824,1184
2.035,31.903,1185
2.032,31.783,1186
2.031,31.758,1187
2.037,31.965,1188
2.039,32.019,1189
2.031,31.758,1190
2.029,31.712,1191
2.019,31.391,1192
2.019,31.375,1193
2.024,31.547,1194
2.026,31.593,1195
2.024,31.552,1196
2.027,31.626,1197
2.023,31.514,1198
2.006,30.986,1199
2.023,31.514,1200
2.017,31.330,1201
2.016,31.280,1202
2.026,31.597,1203
2.009,31.072,1204
2.017,31.334,1205
2.028,31.667,1206
2.019,31.387,1207
2.033,31.828,1208
2.026,31.601,1209
2.034,31.849,1210
2.034,31.849,1211
2.019,31.387,1212
2.020,31.420,1213
2.018,31.367,1214
2.018,31.354,1215
2.019,31.395,1216
2.020,31.412,1217
2.024,31.539,1218
2.005,30.970,1219
2.021,31.465,1220
2.017,31.317,1221
2.029,31.688,1222
2.019,31.403,1223
2.022,31.473,1224
2.028,31.679,1225
2.019,31.399,1226
2.020,31.432,1227
2.012,31.178,1228
2.019,31.379,1229
2.010,31.100,1230
2.011,31.145,1231
1.995,30.660,1232
2.011,31.133,1233
2.000,30.786,1234
2.007,31.018,1235
2.002,30.868,1236
2.002,30.847,1237
2.012,31.186,1238
2.014,31.223,1239
2.008,31.039,1240
2.002,30.876,1241
2.004,30.937,1242
2.003,30.892,1243
2.009,31.092,1244
2.012,31.178,1245
1.993,30.587,1246
2.003,30.884,1247
2.011,31.133,1248
2.000,30.807,1249
2.002,30.863,1250
1.999,30.770,1251
2.003,30.884,1252
2.001,30.831,1253
2.003,30.892,1254
1.995,30.652,1255
2.006,30.994,1256
1.998,30.754,1257
2.003,30.892,1258
1.999,30.766,1259
2.005,30.945,1260
2.002,30.847,1261
1.995,30.636,1262
2.004,30.921,1263
2.000,30.790,1264
2.012,31.166,1265
2.008,31.043,1266
1.994,30.607,1267
2.000,30.811,1268
2.002,30.851,1269
2.006,30.994,1270
1.996,30.668,1271
2.006,30.978,1272
2.001,30.843,1273
2.003,30.884,1274
1.996,30.676,1275
2.009,31.063,1276
2.013,31.198,1277
2.001,30.835,1278
1.995,30.640,1279
2.020,31.416,1280
2.013,31.190,1281
2.007,31.027,1282
2.017,31.313,1283
2.000,30.794,1284
1.817,25.410,1285
1.638,20.663,1286
1.705,22.373,1287
1.530,18.027,1288
1.478,16.809,1289
1.057,8.595,1290
0.771,4.579,1291
0.873,5.874,1292
1.017,7.966,1293
1.147,10.135,1294
1.553,18.560,1295
1.990,30.482,1296
1.983,30.264,1297
1.202,11.122,1298
0.742,4.242,1299
0.747,4.300,1300
1.166,10.467,1301
2.020,31.428,1302
2.003,30.900,1303
2.026,31.597,1304
1.999,30.762,1305
1.876,27.085,1306
1.670,21.487,1307
1.649,20.934,1308
1.675,21.593,1309
1.376,14.580,1310
1.346,13.952,1311
1.274,12.497,1312
1.088,9.123,1313
1.084,9.050,1314
0.867,5.784,1315
0.753,4.365,1316
0.813,5.090,1317
1.143,10.053,1318
1.482,16.903,1319
1.228,11.603,1320
0.944,6.855,1321
0.843,5.474,1322
0.958,7.074,1323
0.811,5.067,1324
0.688,3.650,1325
0.691,3.674,1326
0.718,3.966,1327
0.738,4.194,1328
0.766,4.512,1329
0.695,3.715,1330
0.634,3.093,1331
0.658,3.332,1332
0.700,3.777,1333
0.884,6.019,1334
1.415,15.420,1335
1.779,24.357,1336
1.960,29.570,1337
2.074,33.132,1338
2.103,34.066,1339
2.092,33.708,1340
2.095,33.806,1341
2.088,33.555,1342
2.086,33.521,1343
2.083,33.406,1344
2.086,33.491,1345
2.081,33.351,1346
2.076,33.191,1347
2.082,33.385,1348
2.073,33.085,1349
2.072,33.047,1350
2.074,33.123,1351
2.065,32.837,1352
2.061,32.719,1353
2.067,32.900,1354
2.061,32.715,1355
2.057,32.568,1356
2.063,32.774,1357
2.069,32.967,1358
2.065,32.824,1359
2.067,32.912,1360
2.059,32.656,1361
2.059,32.656,1362
2.057,32.594,1363
2.054,32.477,1364
2.060,32.677,1365
2.050,32.364,1366
2.050,32.355,1367
2.061,32.698,1368
2.059,32.635,1369
2.054,32.481,1370
2.057,32.577,1371
2.060,32.665,1372
2.055,32.514,1373
2.055,32.510,1374
2.045,32.201,1375
2.053,32.460,1376
2.055,32.502,1377
2.051,32.397,1378
2.042,32.106,1379
2.051,32.376,1380
2.047,32.276,1381
2.038,31.973,1382
2.053,32.439,1383
2.061,32.703,1384
2.060,32.669,1385
2.048,32.285,1386
2.048,32.301,1387
2.050,32.368,1388
2.061,32.694,1389
2.060,32.686,1390
2.052,32.414,1391
2.046,32.226,1392
2.054,32.497,1393
2.050,32.372,1394
2.054,32.485,1395
2.046,32.226,1396
2.043,32.131,1397
2.046,32.218,1398
2.039,32.019,1399
2.033,31.832,1400
2.035,31.882,1401
2.029,31.696,1402
2.033,31.811,1403
2.031,31.762,1404
2.035,31.890,1405
2.021,31.445,1406
2.029,31.712,1407
2.026,31.593,1408
2.032,31.787,1409
2.036,31.923,1410
2.025,31.580,1411
2.034,31.857,1412
2.042,32.093,1413
2.047,32.251,1414
2.035,31.903,1415
2.044,32.164,1416
2.032,31.791,1417
2.031,31.762,1418
2.033,31.828,1419
2.037,31.948,1420
2.029,31.712,1421
2.039,31.998,1422
2.049,32.343,1423
2.043,32.151,1424
2.035,31.886,1425
2.026,31.609,1426
2.039,31.998,1427
2.041,32.060,1428
2.035,31.894,1429
2.042,32.110,1430
2.044,32.176,1431
2.054,32.493,1432
2.039,32.010,1433
2.044,32.176,1434
2.037,31.956,1435
2.042,32.106,1436
2.043,32.127,1437
2.033,31.824,1438
2.041,32.064,1439
2.039,32.006,1440
2.047,32.251,1441
2.042,32.097,1442
2.036,31.915,1443
2.037,31.936,1444
2.009,31.067,1445
2.009,31.067,1446
2.006,30.998,1447
2.016,31.289,1448
2.006,30.994,1449
2.001,30.839,1450
1.998,30.750,1451
2.011,31.129,1452
2.006,30.994,1453
2.001,30.843,1454
2.005,30.945,1455
1.996,30.689,1456
1.998,30.754,1457
2.011,31.145,1458
2.001,30.843,1459
2.000,30.790,1460
2.000,30.794,1461
2.013,31.190,1462
2.017,31.330,1463
2.005,30.945,1464
1.998,30.729,1465
2.003,30.888,1466
2.012,31.162,1467
2.020,31.408,1468
2.029,31.696,1469
2.011,31.125,1470
2.022,31.486,1471
2.020,31.412,1472
2.016,31.297,1473
2.025,31.580,1474
2.028,31.655,1475
2.026,31.593,1476
2.028,31.671,1477
2.026,31.601,1478
2.039,32.006,1479
2.029,31.688,1480
2.026,31.609,1481
2.021,31.440,1482
2.027,31.634,1483
2.020,31.432,1484
2.023,31.506,1485
2.024,31.535,1486
2.026,31.597,1487
2.030,31.737,1488
2.025,31.568,1489
2.019,31.391,1490
2.007,31.010,1491
2.016,31.301,1492
2.026,31.613,1493
2.015,31.256,1494
2.020,31.416,1495
2.011,31.149,1496
2.013,31.190,1497
2.025,31.572,1498
2.012,31.157,1499
2.005,30.941,1500
2.010,31.100,1501
2.003,30.888,1502
2.011,31.129,1503
2.008,31.055,1504
2.017,31.321,1505
2.017,31.325,1506
2.011,31.153,1507
2.015,31.264,1508
2.015,31.260,1509
2.002,30.847,1510
2.022,31.473,1511
2.016,31.289,1512
2.006,30.994,1513
2.010,31.121,1514
2.017,31.330,1515
2.012,31.157,1516
2.008,31.035,1517
2.016,31.297,1518
2.000,30.811,1519
2.004,30.921,1520
2.008,31.055,1521
2.003,30.900,1522
2.013,31.215,1523
2.001,30.831,1524
1.993,30.579,1525
2.010,31.112,1526
1.996,30.664,1527
1.988,30.429,1528
1.991,30.526,1529
2.004,30.908,1530
1.986,30.356,1531
1.992,30.563,1532
1.988,30.445,1533
1.996,30.668,1534
1.998,30.741,1535
2.000,30.790,1536
2.005,30.969,1537
1.999,30.758,1538
1.999,30.778,1539
2.004,30.925,1540
2.003,30.888,1541
2.004,30.912,1542
1.990,30.482,1543
1.995,30.652,1544
2.007,31.027,1545
1.996,30.664,1546
1.992,30.547,1547
2.001,30.819,1548
1.996,30.681,1549
1.989,30.462,1550
2.000,30.802,1551
1.992,30.547,1552
1.995,30.660,1553
2.001,30.827,1554
2.002,30.872,1555
2.005,30.957,1556
2.004,30.925,1557
2.018,31.371,1558
2.015,31.264,1559
2.006,30.986,1560
2.010,31.108,1561
2.011,31.137,1562
2.008,31.055,1563
2.015,31.252,1564
2.016,31.284,1565
2.009,31.067,1566
2.011,31.125,1567
2.007,31.006,1568
2.009,31.084,1569
1.999,30.758,1570
2.001,30.819,1571
2.009,31.084,1572
2.022,31.469,1573
2.004,30.933,1574
2.008,31.047,1575
2.020,31.412,1576
2.011,31.149,1577
2.021,31.465,1578
2.014,31.235,1579
2.013,31.194,1580
2.007,31.023,1581
2.004,30.921,1582
2.013,31.211,1583
2.010,31.096,1584
2.007,31.023,1585
2.012,31.178,1586
2.003,30.896,1587
2.013,31.198,1588
2.007,31.027,1589
2.020,31.424,1590
2.021,31.457,1591
2.021,31.449,1592
2.015,31.276,1593
2.023,31.506,1594
2.018,31.354,1595
2.023,31.498,1596
2.020,31.412,1597
2.021,31.445,1598
2.013,31.215,1599
2.014,31.239,1600
2.021,31.436,1601
2.015,31.276,1602
2.012,31.162,1603
2.009,31.088,1604
2.006,30.982,1605
2.007,31.018,1606
2.013,31.207,1607
2.023,31.519,1608
2.004,30.937,1609
2.013,31.207,1610
2.019,31.379,1611
2.026,31.605,1612
2.022,31.494,1613
2.030,31.721,1614
2.021,31.436,1615
2.035,31.898,1616
2.038,31.977,1617
2.034,31.861,1618
2.038,31.969,1619
2.041,32.068,1620
2.038,31.973,1621
2.050,32.347,1622
2.040,32.031,1623
2.046,32.235,1624
2.044,32.168,1625
2.044,32.181,1626
2.037,31.948,1627
2.032,31.807,1628
2.037,31.940,1629
2.035,31.903,1630
2.039,32.023,1631
2.044,32.185,1632
2.045,32.189,1633
2.036,31.915,1634
2.030,31.721,1635
2.036,31.911,1636
2.032,31.791,1637
2.039,32.014,1638
2.036,31.915,1639
2.035,31.874,1640
2.036,31.919,1641
2.029,31.696,1642
2.035,31.886,1643
2.028,31.683,1644
2.030,31.716,1645
2.028,31.667,1646
2.032,31.799,1647
2.031,31.774,1648
2.038,31.969,1649
2.035,31.890,1650
2.032,31.799,1651
2.023,31.515,1652
2.020,31.408,1653
2.025,31.572,1654
2.025,31.580,1655
2.019,31.387,1656
2.026,31.597,1657
2.023,31.527,1658
2.029,31.704,1659
2.026,31.609,1660
2.026,31.609,1661
2.025,31.572,1662
2.021,31.436,1663
2.023,31.519,1664
2.028,31.655,1665
2.024,31.535,1666
2.011,31.133,1667
2.007,31.010,1668
2.013,31.198,1669
2.016,31.280,1670
2.012,31.182,1671
2.004,30.937,1672
1.991,30.539,1673
1.976,30.058,1674
1.991,30.539,1675
1.983,30.284,1676
1.980,30.183,1677
1.985,30.340,1678
1.990,30.486,1679
1.975,30.034,1680
1.985,30.340,1681
1.982,30.235,1682
1.980,30.179,1683
1.981,30.227,1684
1.983,30.276,1685
1.997,30.705,1686
1.994,30.607,1687
1.995,30.632,1688
1.992,30.563,1689
2.002,30.855,1690
1.996,30.685,1691
2.004,30.929,1692
2.001,30.827,1693
1.995,30.632,1694
2.003,30.888,1695
1.991,30.534,1696
1.997,30.713,1697
2.001,30.819,1698
1.997,30.701,1699
1.998,30.750,1700
2.007,31.006,1701
1.997,30.709,1702
1.998,30.741,1703
1.986,30.356,1704
2.001,30.839,1705
1.995,30.636,1706
2.004,30.933,1707
2.000,30.798,1708
2.006,30.978,1709
2.009,31.063,1710
2.008,31.051,1711
2.007,31.014,1712
2.004,30.908,1713
2.013,31.202,1714
2.008,31.039,1715
2.011,31.149,1716
2.021,31.445,1717
2.003,30.896,1718
2.011,31.145,1719
2.004,30.921,1720
2.009,31.076,1721
2.013,31.202,1722
2.001,30.823,1723
2.019,31.383,1724
2.014,31.231,1725
2.011,31.133,1726
2.009,31.076,1727
2.023,31.506,1728
2.013,31.194,1729
2.019,31.399,1730
2.022,31.494,1731
2.016,31.284,1732
2.025,31.585,1733
2.026,31.597,1734
2.023,31.514,1735
2.022,31.482,1736
2.020,31.408,1737
2.027,31.634,1738
2.020,31.416,1739
2.017,31.334,1740
2.014,31.227,1741
2.011,31.153,1742
2.018,31.346,1743
2.018,31.346,1744
2.018,31.342,1745
2.013,31.190,1746
2.010,31.112,1747
2.011,31.129,1748
2.010,31.121,1749
2.014,31.219,1750
2.023,31.515,1751
2.011,31.141,1752
2.015,31.264,1753
2.014,31.239,1754
2.012,31.157,1755
2.029,31.700,1756
2.015,31.268,1757
2.017,31.338,1758
2.015,31.268,1759
2.012,31.186,1760
2.005,30.953,1761
2.005,30.969,1762
2.012,31.186,1763
2.013,31.207,1764
2.009,31.088,1765
2.006,30.982,1766
2.021,31.453,1767
2.010,31.104,1768
2.018,31.358,1769
2.010,31.108,1770
2.006,30.974,1771
2.013,31.198,1772
2.012,31.182,1773
2.010,31.112,1774
2.008,31.055,1775
2.011,31.149,1776
2.012,31.182,1777
2.004,30.921,1778
2.008,31.035,1779
1.999,30.766,1780
2.009,31.072,1781
2.005,30.941,1782
2.006,30.994,1783
2.004,30.933,1784
2.010,31.096,1785
2.000,30.815,1786
2.010,31.096,1787
2.005,30.953,1788
2.008,31.051,1789
2.011,31.141,1790
2.015,31.276,1791
2.004,30.921,1792
2.021,31.436,1793
2.014,31.231,1794
2.012,31.157,1795
2.007,31.023,1796
2.008,31.059,1797
2.011,31.137,1798
2.001,30.839,1799
2.002,30.864,1800
1.999,30.762,1801
1.999,30.774,1802
2.008,31.059,1803
2.001,30.819,1804
2.000,30.786,1805
1.999,30.774,1806
1.991,30.518,1807
1.996,30.672,1808
1.999,30.758,1809
1.991,30.526,1810
1.990,30.502,1811
1.997,30.705,1812
1.987,30.413,1813
1.986,30.373,1814
1.998,30.729,1815
1.999,30.774,1816
1.994,30.628,1817
1.983,30.276,1818
1.993,30.591,1819
1.992,30.563,1820
1.995,30.644,1821
2.003,30.900,1822
1.997,30.717,1823
1.995,30.640,1824
1.990,30.482,1825
2.000,30.798,1826
1.996,30.680,1827
1.990,30.486,1828
1.994,30.603,1829
1.986,30.381,1830
1.993,30.595,1831
1.998,30.746,1832
1.995,30.636,1833
2.000,30.815,1834
1.993,30.599,1835
2.003,30.880,1836
2.013,31.194,1837
2.006,30.990,1838
2.017,31.334,1839
2.010,31.096,1840
2.011,31.133,1841
2.012,31.170,1842
2.007,31.002,1843
2.010,31.100,1844
2.013,31.198,1845
2.013,31.190,1846
2.017,31.338,1847
2.012,31.182,1848
2.018,31.342,1849
2.014,31.227,1850
2.010,31.121,1851
2.014,31.223,1852
2.021,31.445,1853
2.011,31.137,1854
2.007,31.023,1855
2.011,31.153,1856
2.004,30.933,1857
1.995,30.632,1858
2.005,30.941,1859
2.004,30.929,1860
1.996,30.676,1861
1.999,30.766,1862
2.004,30.921,1863
2.003,30.896,1864
1.999,30.758,1865
2.003,30.884,1866
1.989,30.470,1867
1.996,30.664,1868
1.997,30.697,1869
1.998,30.733,1870
1.999,30.778,1871
1.994,30.607,1872
2.009,31.084,1873
2.019,31.379,1874
2.015,31.276,1875
2.009,31.084,1876
2.015,31.268,1877
2.012,31.178,1878
2.012,31.162,1879
2.005,30.953,1880
2.002,30.876,1881
2.001,30.827,1882
2.017,31.321,1883
2.012,31.157,1884
2.013,31.202,1885
2.009,31.084,1886
2.014,31.227,1887
2.022,31.477,1888
2.032,31.791,1889
2.017,31.313,1890
2.021,31.457,1891
2.016,31.301,1892
2.023,31.498,1893
2.022,31.477,1894
2.018,31.346,1895
2.019,31.379,1896
2.022,31.482,1897
2.018,31.346,1898
2.016,31.289,1899
2.014,31.243,1900
2.013,31.211,1901
2.016,31.297,1902
2.017,31.317,1903
2.009,31.080,1904
2.004,30.925,1905
2.008,31.051,1906
2.011,31.153,1907
2.015,31.260,1908
2.019,31.399,1909
2.009,31.076,1910
2.011,31.133,1911
2.014,31.223,1912
2.016,31.289,1913
1.998,30.725,1914
1.994,30.607,1915
2.000,30.798,1916
1.990,30.486,1917
2.007,31.027,1918
2.003,30.892,1919
2.007,31.010,1920
2.010,31.104,1921
2.008,31.039,1922
2.011,31.145,1923
2.006,30.994,1924
2.002,30.876,1925
2.003,30.904,1926
2.002,30.859,1927
2.010,31.108,1928
2.006,30.990,1929
2.009,31.076,1930
2.007,31.010,1931
2.001,30.819,1932
2.004,30.908,1933
2.005,30.941,1934
2.008,31.055,1935
2.006,30.978,1936
2.001,30.819,1937
2.008,31.047,1938
2.011,31.149,1939
2.007,31.010,1940
2.010,31.112,1941
2.004,30.925,1942
2.009,31.072,1943
2.012,31.166,1944
2.012,31.162,1945
1.997,30.713,1946
2.009,31.063,1947
2.006,30.994,1948
2.015,31.276,1949
2.014,31.223,1950
2.020,31.412,1951
2.022,31.482,1952
2.020,31.428,1953
2.016,31.293,1954
2.018,31.354,1955
2.022,31.494,1956
2.016,31.280,1957
2.012,31.166,1958
2.012,31.178,1959
2.015,31.252,1960
2.022,31.473,1961
2.021,31.453,1962
2.007,31.027,1963
2.015,31.256,1964
2.018,31.346,1965
2.014,31.239,1966
2.016,31.293,1967
2.014,31.235,1968
2.011,31.137,1969
2.005,30.957,1970
2.011,31.137,1971
2.006,30.994,1972
2.023,31.510,1973
2.021,31.436,1974
2.030,31.745,1975
2.016,31.284,1976
2.013,31.198,1977
2.021,31.440,1978
2.021,31.465,1979
2.000,30.794,1980
2.007,31.031,1981
1.997,30.709,1982
1.978,30.127,1983
1.485,16.981,1984
1.084,9.050,1985
1.017,7.962,1986
1.348,13.984,1987
1.045,8.407,1988
0.759,4.439,1989
0.816,5.123,1990
0.713,3.915,1991
0.793,4.847,1992
1.772,24.166,1993
1.935,28.845,1994
1.978,30.139,1995
2.027,31.622,1996
2.024,31.531,1997
2.036,31.919,1998
2.030,31.725,1999
2.027,31.634,2000
2.024,31.531,2001
2.030,31.741,2002
2.024,31.531,2003
2.013,31.207,2004
2.006,30.974,2005
2.023,31.519,2006
2.022,31.477,2007
2.021,31.445,2008
2.023,31.498,2009
2.024,31.556,2010
2.019,31.387,2011
2.021,31.445,2012
2.026,31.609,2013
2.019,31.379,2014
2.024,31.539,2015
2.010,31.121,2016
2.025,31.564,2017
2.017,31.313,2018
2.020,31.412,2019
2.017,31.330,2020
2.011,31.125,2021
2.020,31.428,2022
2.017,31.325,2023
2.023,31.527,2024
2.013,31.215,2025
2.017,31.313,2026
2.017,31.321,2027
2.019,31.383,2028
2.020,31.432,2029
2.015,31.272,2030
2.012,31.186,2031
2.019,31.403,2032
2.026,31.609,2033
2.013,31.198,2034
2.009,31.084,2035
2.013,31.190,2036
2.023,31.506,2037
2.019,31.399,2038
2.014,31.239,2039
2.016,31.305,2040
2.011,31.145,2041
2.014,31.239,2042
2.016,31.297,2043
2.017,31.317,2044
2.010,31.104,2045
2.011,31.153,2046
1.993,30.595,2047
1.630,20.447,2048
1.691,22.028,2049
1.276,12.546,2050
1.526,17.924,2051
1.444,16.052,2052
1.988,30.425,2053
2.035,31.886,2054
2.039,31.998,2055
2.033,31.836,2056
2.026,31.597,2057
1.984,30.316,2058
1.989,30.462,2059
1.969,29.858,2060
1.936,28.861,2061
1.965,29.738,2062
1.927,28.578,2063
1.958,29.514,2064
1.978,30.123,2065
2.038,31.981,2066
2.011,31.129,2067
2.010,31.108,2068
2.035,31.882,2069
2.030,31.733,2070
2.028,31.675,2071
2.035,31.890,2072
2.030,31.721,2073
2.020,31.432,2074
2.030,31.729,2075
2.017,31.334,2076
2.019,31.383,2077
1.981,30.231,2078
1.666,21.379,2079
1.844,26.177,2080
1.155,10.266,2081
1.003,7.740,2082
1.019,7.989,2083
1.076,8.922,2084
1.567,18.915,2085
1.918,28.324,2086
1.914,28.195,2087
1.811,25.255,2088
1.940,28.991,2089
2.062,32.744,2090
2.071,33.026,2091
2.059,32.656,2092
2.056,32.548,2093
2.050,32.347,2094
2.050,32.360,2095
2.049,32.335,2096
2.048,32.285,2097
2.060,32.682,2098
2.047,32.264,2099
2.036,31.907,2100
2.035,31.874,2101
2.036,31.923,2102
2.035,31.882,2103
2.031,31.774,2104
2.031,31.770,2105
2.043,32.131,2106
2.046,32.247,2107
2.037,31.952,2108
2.038,31.985,2109
2.038,31.973,2110
2.026,31.597,2111
2.031,31.758,2112
2.030,31.716,2113
2.031,31.774,2114
2.025,31.568,2115
2.027,31.634,2116
2.019,31.399,2117
2.017,31.325,2118
2.028,31.671,2119
2.027,31.630,2120
2.030,31.733,2121
2.024,31.543,2122
2.025,31.564,2123
2.016,31.305,2124
2.024,31.543,2125
2.026,31.622,2126
2.024,31.531,2127
2.019,31.387,2128
2.022,31.473,2129
2.027,31.634,2130
2.015,31.260,2131
2.022,31.490,2132
2.024,31.556,2133
2.018,31.366,2134
2.025,31.564,2135
2.022,31.494,2136
2.028,31.683,2137
2.021,31.445,2138
2.029,31.688,2139
2.020,31.408,2140
2.020,31.412,2141
2.019,31.375,2142
2.016,31.297,2143
2.021,31.461,2144
2.016,31.309,2145
2.031,31.758,2146
2.031,31.762,2147
2.038,31.977,2148
2.036,31.911,2149
2.040,32.031,2150
2.042,32.114,2151
2.034,31.869,2152
2.040,32.035,2153
2.041,32.064,2154
2.041,32.064,2155
2.023,31.510,2156
2.029,31.696,2157
2.029,31.712,2158
2.034,31.861,2159
2.031,31.762,2160
2.041,32.060,2161
2.024,31.543,2162
2.033,31.811,2163
2.020,31.432,2164
2.006,30.978,2165
2.016,31.297,2166
2.018,31.354,2167
1.955,29.439,2168
1.455,16.302,2169
1.032,8.208,2170
0.961,7.105,2171
0.793,4.839,2172
0.689,3.657,2173
0.609,2.854,2174
0.600,2.772,2175
0.609,2.858,2176
0.621,2.969,2177
0.601,2.777,2178
0.604,2.809,2179
0.601,2.784,2180
0.604,2.806,2181
0.604,2.810,2182
0.585,2.636,2183
0.581,2.601,2184
0.570,2.501,2185
0.565,2.454,2186
0.563,2.442,2187
0.564,2.452,2188
0.555,2.371,2189
0.561,2.423,2190
0.564,2.453,2191
0.563,2.441,2192
0.567,2.472,2193
0.575,2.545,2194
0.576,2.553,2195
0.569,2.494,2196
0.572,2.517,2197
0.562,2.433,2198
0.553,2.357,2199
0.553,2.353,2200
0.562,2.431,2201
0.557,2.386,2202
0.557,2.393,2203
0.557,2.389,2204
0.562,2.428,2205
0.557,2.392,2206
0.585,2.634,2207
0.718,3.965,2208
0.998,7.671,2209
1.184,10.787,2210
1.383,14.732,2211
1.504,17.410,2212
1.090,9.141,2213
1.133,9.891,2214
1.226,11.581,2215
1.354,14.119,2216
1.753,23.667,2217
2.063,32.778,2218
2.122,34.668,2219
2.121,34.629,2220
2.118,34.539,2221
2.114,34.397,2222
2.074,33.136,2223
1.687,21.904,2224
2.074,33.136,2225
0.944,6.867,2226
0.581,2.597,2227
0.578,2.573,2228
0.708,3.864,2229
1.048,8.464,2230
0.665,3.401,2231
0.762,4.466,2232
0.620,2.962,2233
0.670,3.455,2234
1.330,13.625,2235
2.136,35.127,2236
2.133,35.027,2237
2.138,35.188,2238
2.138,35.210,2239
2.128,34.854,2240
2.122,34.664,2241
1.376,14.577,2242
0.775,4.625,2243
0.874,5.888,2244
0.849,5.550,2245
0.594,2.714,2246
0.585,2.633,2247
0.622,2.976,2248
1.906,27.977,2249
2.132,34.993,2250
2.119,34.578,2251
2.115,34.440,2252
2.112,34.358,2253
2.130,34.936,2254
2.125,34.767,2255
2.114,34.397,2256
2.119,34.577,2257
2.116,34.487,2258
2.099,33.934,2259
2.094,33.763,2260
2.097,33.853,2261
2.093,33.721,2262
2.088,33.576,2263
2.089,33.614,2264
2.093,33.742,2265
2.087,33.529,2266
2.095,33.797,2267
2.081,33.330,2268
2.071,33.039,2269
2.083,33.398,2270
2.071,33.030,2271
2.075,33.144,2272
2.074,33.123,2273
2.075,33.161,2274
2.081,33.343,2275
2.084,33.432,2276
2.078,33.237,2277
2.074,33.136,2278
2.069,32.976,2279
2.073,33.094,2280
2.062,32.723,2281
2.072,33.068,2282
2.062,32.753,2283
2.055,32.518,2284
2.067,32.883,2285
2.056,32.560,2286
2.063,32.761,2287
2.064,32.816,2288
2.060,32.677,2289
2.053,32.443,2290
2.061,32.707,2291
2.057,32.594,2292
2.049,32.343,2293
2.056,32.564,2294
2.063,32.786,2295
2.054,32.497,2296
2.045,32.206,2297
2.058,32.623,2298
2.058,32.610,2299
2.058,32.606,2300
2.048,32.297,2301
2.051,32.401,2302
2.049,32.335,2303
2.046,32.247,2304
2.050,32.355,2305
2.044,32.164,2306
2.052,32.435,2307
2.034,31.853,2308
2.045,32.201,2309
2.032,31.783,2310
2.035,31.890,2311
2.035,31.878,2312
2.024,31.539,2313
2.021,31.445,2314
2.025,31.564,2315
2.020,31.416,2316
2.022,31.477,2317
2.032,31.778,2318
2.024,31.556,2319
2.037,31.961,2320
2.035,31.894,2321
2.034,31.861,2322
2.043,32.127,2323
2.041,32.064,2324
2.040,32.039,2325
2.032,31.795,2326
2.030,31.729,2327
2.029,31.700,2328
2.022,31.490,2329
2.020,31.432,2330
2.023,31.502,2331
2.020,31.432,2332
2.036,31.915,2333
2.027,31.630,2334
2.028,31.679,2335
2.022,31.494,2336
2.018,31.362,2337
2.028,31.667,2338
2.026,31.617,2339
2.018,31.346,2340
2.032,31.783,2341
2.025,31.576,2342
2.028,31.671,2343
2.033,31.828,2344
2.031,31.770,2345
2.022,31.494,2346
2.037,31.952,2347
2.025,31.580,2348
2.040,32.048,2349
2.019,31.391,2350
2.027,31.630,2351
2.023,31.519,2352
2.021,31.449,2353
2.023,31.498,2354
2.025,31.564,2355
2.026,31.593,2356
2.035,31.882,2357
2.027,31.650,2358
2.024,31.543,2359
2.027,31.650,2360
2.028,31.667,2361
2.028,31.671,2362
2.023,31.510,2363
2.013,31.211,2364
2.017,31.334,2365
2.030,31.741,2366
2.017,31.325,2367
2.020,31.412,2368
2.021,31.461,2369
2.013,31.215,2370
2.019,31.403,2371
2.018,31.371,2372
2.021,31.461,2373
2.017,31.338,2374
2.018,31.354,2375
2.022,31.482,2376
2.021,31.445,2377
2.037,31.948,2378
2.020,31.432,2379
2.019,31.383,2380
2.019,31.387,2381
2.019,31.375,2382
2.009,31.084,2383
1.973,29.962,2384
1.875,27.074,2385
1.368,14.410,2386
0.831,5.323,2387
0.642,3.175,2388
0.619,2.950,2389
0.617,2.928,2390
0.614,2.906,2391
0.606,2.825,2392
0.604,2.812,2393
0.597,2.746,2394
0.594,2.717,2395
0.601,2.782,2396
0.597,2.743,2397
0.593,2.710,2398
0.584,2.629,2399
0.589,2.674,2400
0.582,2.605,2401
0.583,2.615,2402
0.579,2.578,2403
0.607,2.838,2404
0.645,3.202,2405
0.684,3.598,2406
0.649,3.239,2407
0.594,2.721,2408
0.573,2.527,2409
0.577,2.564,2410
0.571,2.508,2411
0.567,2.474,2412
0.573,2.524,2413
0.558,2.396,2414
0.552,2.346,2415
0.547,2.305,2416
0.540,2.244,2417
0.541,2.256,2418
0.533,2.189,2419
0.536,2.208,2420
0.538,2.226,2421
0.535,2.207,2422
0.530,2.162,2423
0.531,2.172,2424
0.536,2.213,2425
0.524,2.111,2426
0.534,2.198,2427
0.535,2.204,2428
0.536,2.210,2429
0.536,2.209,2430
0.535,2.205,2431
0.545,2.288,2432
0.545,2.287,2433
0.552,2.346,2434
0.555,2.371,2435
0.552,2.349,2436
0.559,2.402,2437
0.555,2.371,2438
0.570,2.499,2439
0.570,2.501,2440
0.575,2.548,2441
0.584,2.629,2442
0.594,2.720,2443
0.605,2.818,2444
0.606,2.826,2445
0.629,3.042,2446
0.705,3.830,2447
0.840,5.437,2448
1.008,7.822,2449
1.163,10.419,2450
1.582,19.280,2451
1.900,27.807,2452
1.475,16.755,2453
1.358,14.199,2454
1.490,17.093,2455
1.649,20.940,2456
1.816,25.403,2457
1.860,26.625,2458
1.989,30.453,2459
2.077,33.212,2460
2.059,32.640,2461
2.011,31.145,2462
2.063,32.774,2463
2.098,33.895,2464
2.096,33.840,2465
2.111,34.306,2466
2.096,33.819,2467
2.090,33.648,2468
2.100,33.972,2469
2.095,33.793,2470
2.092,33.695,2471
2.093,33.746,2472
2.087,33.534,2473
2.084,33.436,2474
2.088,33.576,2475
2.088,33.585,2476
2.085,33.474,2477
2.082,33.389,2478
2.078,33.246,2479
2.080,33.313,2480
2.076,33.170,2481
2.070,33.009,2482
2.072,33.051,2483
2.067,32.887,2484
2.070,32.980,2485
2.049,32.314,2486
2.060,32.690,2487
2.056,32.548,2488
2.072,33.072,2489
2.074,33.127,2490
2.072,33.056,2491
2.059,32.640,2492
2.059,32.631,2493
2.073,33.098,2494
2.072,33.043,2495
2.050,32.355,2496
2.069,32.967,2497
2.066,32.854,2498
2.071,33.035,2499
2.071,33.039,2500
2.057,32.594,2501
2.055,32.527,2502
2.060,32.686,2503
2.047,32.276,2504
2.043,32.147,2505
2.048,32.305,2506
2.051,32.401,2507
2.055,32.531,2508
2.049,32.335,2509
2.051,32.389,2510
2.045,32.197,2511
2.055,32.527,2512
2.055,32.522,2513
2.047,32.268,2514
2.048,32.301,2515
2.032,31.791,2516
2.048,32.310,2517
2.042,32.122,2518
2.041,32.068,2519
2.043,32.131,2520
2.034,31.861,2521
2.038,31.985,2522
2.033,31.836,2523
2.044,32.164,2524
2.039,31.998,2525
2.055,32.527,2526
2.043,32.151,2527
2.038,31.990,2528
2.039,31.998,2529
2.028,31.667,2530
2.026,31.605,2531
2.027,31.646,2532
2.034,31.861,2533
2.024,31.552,2534
2.030,31.729,2535
2.022,31.482,2536
2.015,31.256,2537
2.023,31.515,2538
2.024,31.531,2539
2.029,31.700,2540
2.018,31.350,2541
2.023,31.502,2542
2.024,31.547,2543
2.022,31.494,2544
2.017,31.338,2545
2.018,31.362,2546
2.021,31.453,2547
2.031,31.770,2548
2.028,31.663,2549
2.027,31.642,2550
2.022,31.477,2551
2.028,31.663,2552
2.022,31.490,2553
2.018,31.358,2554
2.028,31.675,2555
2.028,31.675,2556
2.035,31.886,2557
2.035,31.886,2558
2.026,31.601,2559
2.034,31.861,2560
2.040,32.031,2561
2.039,32.002,2562
2.039,32.027,2563
2.028,31.683,2564
2.025,31.589,2565
2.043,32.139,2566
2.026,31.605,2567
2.024,31.543,2568
2.029,31.688,2569
2.027,31.646,2570
2.030,31.745,2571
2.027,31.630,2572
2.024,31.547,2573
2.025,31.589,2574
2.019,31.383,2575
2.018,31.362,2576
2.026,31.605,2577
2.020,31.424,2578
2.024,31.552,2579
2.019,31.383,2580
2.021,31.445,2581
2.020,31.408,2582
2.015,31.276,2583
2.017,31.317,2584
2.007,31.031,2585
2.018,31.371,2586
2.013,31.207,2587
2.014,31.219,2588
2.001,30.819,2589
2.017,31.338,2590
2.013,31.211,2591
2.006,30.974,2592
2.007,31.006,2593
2.003,30.888,2594
2.006,30.998,2595
1.993,30.591,2596
1.990,30.502,2597
2.001,30.827,2598
1.995,30.652,2599
1.993,30.583,2600
1.987,30.405,2601
1.997,30.705,2602
1.986,30.385,2603
1.973,29.982,2604
1.986,30.377,2605
1.988,30.429,2606
1.997,30.721,2607
1.992,30.559,2608
1.985,30.328,2609
1.978,30.139,2610
1.987,30.413,2611
1.973,29.986,2612
1.974,30.010,2613
1.966,29.754,2614
1.975,30.030,2615
1.978,30.127,2616
1.975,30.022,2617
1.972,29.938,2618
1.976,30.066,2619
1.976,30.070,2620
1.973,29.966,2621
1.980,30.183,2622
1.975,30.034,2623
1.984,30.312,2624
1.978,30.115,2625
1.976,30.078,2626
1.978,30.131,2627
1.972,29.946,2628
1.981,30.203,2629
1.985,30.336,2630
1.981,30.223,2631
1.985,30.328,2632
1.978,30.115,2633
1.973,29.966,2634
1.972,29.950,2635
1.974,30.018,2636
1.980,30.175,2637
1.979,30.147,2638
1.982,30.239,2639
1.982,30.256,2640
1.982,30.248,2641
1.980,30.199,2642
1.977,30.111,2643
1.987,30.409,2644
1.988,30.437,2645
1.982,30.235,2646
1.980,30.183,2647
1.980,30.183,2648
1.980,30.175,2649
1.985,30.344,2650
1.986,30.381,2651
1.987,30.397,2652
1.974,30.010,2653
1.990,30.494,2654
1.978,30.139,2655
1.996,30.689,2656
1.988,30.425,2657
1.993,30.583,2658
1.991,30.514,2659
1.993,30.583,2660
1.993,30.583,2661
1.994,30.616,2662
2.001,30.835,2663
1.985,30.352,2664
2.002,30.847,2665
2.005,30.970,2666
2.004,30.921,2667
2.002,30.859,2668
1.999,30.774,2669
2.002,30.868,2670
2.001,30.823,2671
2.011,31.137,2672
2.007,31.031,2673
2.011,31.129,2674
2.015,31.272,2675
2.016,31.309,2676
2.011,31.129,2677
2.018,31.350,2678
2.010,31.108,2679
2.018,31.358,2680
2.016,31.293,2681
2.017,31.338,2682
2.018,31.346,2683
2.019,31.395,2684
2.031,31.762,2685
2.021,31.440,2686
2.012,31.166,2687
2.017,31.317,2688
2.023,31.519,2689
2.019,31.403,2690
2.016,31.297,2691
2.021,31.461,2692
2.020,31.420,2693
2.012,31.166,2694
2.012,31.182,2695
2.022,31.490,2696
2.011,31.149,2697
2.014,31.231,2698
2.016,31.301,2699
2.009,31.072,2700
2.009,31.080,2701
1.997,30.717,2702
1.984,30.308,2703
1.885,27.368,2704
1.691,22.021,2705
1.320,13.412,2706
1.054,8.550,2707
1.047,8.441,2708
1.144,10.072,2709
1.309,13.190,2710
1.595,19.581,2711
1.657,21.145,2712
1.497,17.257,2713
1.252,12.065,2714
1.144,10.070,2715
0.951,6.963,2716
0.859,5.679,2717
0.846,5.517,2718
0.833,5.343,2719
0.862,5.722,2720
0.965,7.166,2721
1.199,11.063,2722
1.632,20.510,2723
1.856,26.527,2724
1.985,30.352,2725
2.037,31.944,2726
2.042,32.114,2727
2.043,32.131,2728
2.054,32.489,2729
2.037,31.948,2730
2.033,31.828,2731
2.034,31.853,2732
2.035,31.882,2733
2.040,32.035,2734
2.033,31.820,2735
2.025,31.589,2736
2.013,31.211,2737
2.023,31.510,2738
2.020,31.428,2739
2.019,31.383,2740
1.998,30.741,2741
1.936,28.849,2742
1.965,29.734,2743
2.009,31.088,2744
2.027,31.630,2745
2.034,31.853,2746
2.034,31.840,2747
2.029,31.704,2748
2.019,31.395,2749
2.037,31.961,2750
2.040,32.031,2751
2.046,32.218,2752
2.036,31.915,2753
2.040,32.056,2754
2.045,32.189,2755
2.043,32.151,2756
2.039,32.010,2757
2.032,31.795,2758
2.040,32.048,2759
2.046,32.226,2760
2.047,32.268,2761
2.050,32.372,2762
2.052,32.431,2763
2.045,32.197,2764
2.051,32.376,2765
2.035,31.890,2766
2.043,32.151,2767
2.038,31.985,2768
2.051,32.389,2769
2.046,32.235,2770
2.053,32.460,2771
2.048,32.301,2772
2.048,32.289,2773
2.044,32.181,2774
2.049,32.339,2775
2.045,32.214,2776
2.036,31.919,2777
2.018,31.350,2778
1.892,27.560,2779
1.359,14.227,2780
1.197,11.039,2781
1.243,11.903,2782
1.383,14.720,2783
1.666,21.382,2784
2.005,30.945,2785
2.035,31.886,2786
2.022,31.469,2787
2.040,32.056,2788
2.038,31.994,2789
2.023,31.523,2790
2.030,31.725,2791
2.030,31.729,2792
2.009,31.088,2793
1.964,29.714,2794
1.937,28.904,2795
1.935,28.845,2796
1.959,29.562,2797
1.910,28.086,2798
1.730,23.037,2799
1.802,25.009,2800
2.009,31.084,2801
1.944,29.101,2802
1.733,23.121,2803
1.340,13.826,2804
1.521,17.819,2805
1.990,30.486,2806

